2 0.5796875 0.72421875 0.025 0.0390625
2 0.5578125 0.73046875 0.0265625 0.053125
2 0.63203125 0.86171875 0.034375 0.025
2 0.5 0.784375 0.04375 0.0375
2 0.6515625 0.83203125 0.034375 0.034375
2 0.2984375 0.76171875 0.040625 0.040625
2 0.7203125 0.778125 0.040625 0.0265625
2 0.959375 0.74296875 0.034375 0.03125
2 0.6015625 0.85546875 0.03125 0.0203125
2 0.63203125 0.63046875 0.05 0.1171875
2 0.8703125 0.7578125 0.046875 0.040625
2 0.9171875 0.89921875 0.040625 0.046875
2 0.7375 0.61875 0.04375 0.0390625
2 0.90390625 0.7515625 0.034375 0.040625
2 0.778125 0.86640625 0.015625 0.0515625
2 0.3015625 0.7984375 0.053125 0.0484375
2 0.60703125 0.828125 0.021875 0.0375
2 0.496875 0.803125 0.04375 0.0375
2 0.8703125 0.925 0.021875 0.01875
2 0.38046875 0.8484375 0.028125 0.021875
2 0.4953125 0.83203125 0.01875 0.021875
2 0.55703125 0.78671875 0.0390625 0.046875
2 0.60078125 0.621875 0.046875 0.1296875
2 0.7546875 0.8828125 0.03125 0.0421875
2 0.6578125 0.59375 0.0703125 0.0953125
2 0.61640625 0.5625 0.04375 0.05625
2 0.26640625 0.81171875 0.034375 0.025
2 0.65390625 0.88515625 0.03125 0.034375
2 0.40546875 0.5796875 0.05625 0.0875
2 0.2296875 0.7578125 0.0640625 0.065625
2 0.4875 0.68828125 0.0484375 0.09375
2 0.42265625 0.7328125 0.075 0.034375
2 0.50546875 0.584375 0.059375 0.13125
2 0.3234375 0.83515625 0.0375 0.04375
2 0.39296875 0.79921875 0.090625 0.1
2 0.61875 0.7 0.0453125 0.071875
2 0.94921875 0.8453125 0.053125 0.0703125
2 0.378125 0.6234375 0.075 0.140625
2 0.71796875 0.85234375 0.0171875 0.04375
2 0.28984375 0.721875 0.040625 0.05625
2 0.98359375 0.80546875 0.0328125 0.025
2 0.58359375 0.415625 0.071875 0.10625
2 0.67734375 0.80625 0.025 0.0390625
2 0.44765625 0.5234375 0.059375 0.040625
2 0.596875 0.71015625 0.034375 0.078125
2 0.67890625 0.90234375 0.05 0.0171875
2 0.61875 0.465625 0.03125 0.065625
2 0.26484375 0.765625 0.046875 0.059375
2 0.84140625 0.78203125 0.0375 0.059375
2 0.53984375 0.69609375 0.040625 0.1234375
2 0.62109375 0.82421875 0.0328125 0.0453125
2 0.628125 0.80859375 0.0125 0.0359375
2 0.578125 0.7625 0.0359375 0.0390625
2 0.73984375 0.8328125 0.021875 0.05
2 0.7859375 0.9 0.0125 0.05
2 0.66328125 0.71640625 0.053125 0.08125
2 0.31484375 0.70390625 0.0359375 0.10625
2 0.25546875 0.58125 0.0625 0.0625
2 0.97734375 0.83046875 0.0421875 0.034375
2 0.23984375 0.78984375 0.034375 0.028125
2 0.834375 0.90546875 0.04375 0.021875
2 0.45078125 0.64921875 0.08125 0.0375
2 0.6984375 0.85859375 0.0328125 0.04375
2 0.084375 0.65703125 0.04375 0.04375
2 0.76484375 0.5578125 0.053125 0.040625
2 0.425 0.46328125 0.10625 0.0625
2 0.56484375 0.63203125 0.040625 0.153125
2 0.88359375 0.86875 0.034375 0.0421875
2 0.36796875 0.528125 0.08125 0.0890625
2 0.796875 0.77109375 0.03125 0.0375
2 0.2921875 0.6171875 0.059375 0.05625
2 0.41015625 0.496875 0.021875 0.0625
2 0.3375 0.65703125 0.028125 0.10625
2 0.46484375 0.57890625 0.03125 0.0375
2 0.7953125 0.84609375 0.046875 0.0265625
2 0.63515625 0.3609375 0.03125 0.125
2 0.146875 0.6359375 0.09375 0.065625
2 0.5375 0.4078125 0.0640625 0.08125
2 0.2 0.78828125 0.0375 0.040625
2 0.290625 0.496875 0.078125 0.075
2 0.15078125 0.75078125 0.0375 0.04375
2 0.69453125 0.69765625 0.025 0.0203125
2 0.26640625 0.665625 0.0296875 0.0671875
2 0.1296875 0.66953125 0.05 0.096875
2 0.68203125 0.56484375 0.040625 0.06875
2 0.65625 0.53125 0.046875 0.0703125
2 0.228125 0.5875 0.05625 0.125
2 0.45390625 0.41875 0.04375 0.0796875
2 0.93671875 0.78203125 0.028125 0.0625
2 0.64296875 0.50625 0.04375 0.06875
2 0.2125 0.65625 0.0625 0.103125
2 0.709375 0.54609375 0.0296875 0.046875
2 0.9703125 0.88671875 0.0546875 0.0609375
2 0.8328125 0.8671875 0.025 0.0203125
2 0.39609375 0.68203125 0.0234375 0.075
2 0.43671875 0.490625 0.034375 0.0375
2 0.12421875 0.728125 0.034375 0.04375
2 0.5890625 0.821875 0.0296875 0.0375
2 0.38203125 0.41484375 0.096875 0.0515625
2 0.70859375 0.48046875 0.065625 0.0625
2 0.553125 0.81953125 0.0359375 0.028125
2 0.3921875 0.65234375 0.04375 0.040625
2 0.44296875 0.68515625 0.065625 0.059375
2 0.7046875 0.8828125 0.009375 0.05625
2 0.1921875 0.5109375 0.05625 0.0234375
2 0.521875 0.65 0.05 0.140625
2 0.2 0.8171875 0.040625 0.0609375
2 0.7453125 0.45234375 0.0390625 0.04375
2 0.440625 0.3671875 0.1078125 0.046875
2 0.16953125 0.55625 0.0609375 0.0765625
2 0.08984375 0.61171875 0.025 0.053125
2 0.6515625 0.40078125 0.03125 0.128125
2 0.090625 0.6921875 0.05 0.0375
2 0.28671875 0.54765625 0.0890625 0.096875
2 0.7921875 0.575 0.046875 0.0671875
2 0.6078125 0.33359375 0.0234375 0.0875
2 0.77421875 0.36484375 0.08125 0.075
2 0.8390625 0.4515625 0.05 0.1109375
2 0.8734375 0.41640625 0.0328125 0.0921875
2 0.8125 0.54296875 0.084375 0.0671875
2 0.89609375 0.4125 0.0390625 0.103125
2 0.93984375 0.73125 0.040625 0.009375
2 0.9625 0.90703125 0.03125 0.040625
2 0.85 0.83828125 0.028125 0.065625
2 0.76171875 0.484375 0.096875 0.0375
2 0.98671875 0.715625 0.025 0.0125
2 0.24921875 0.69296875 0.053125 0.103125
2 0.69765625 0.43359375 0.03125 0.028125
2 0.87890625 0.89609375 0.053125 0.0265625
2 0.74375 0.65625 0.0375 0.0359375
2 0.384375 0.46875 0.0421875 0.021875
2 0.36640625 0.70078125 0.025 0.075
2 0.7 0.65234375 0.053125 0.04375
2 0.99375 0.83046875 0.0125 0.028125
2 0.75234375 0.41484375 0.0703125 0.0453125
2 0.8359375 0.51328125 0.0328125 0.0328125
2 0.91015625 0.9546875 0.128125 0.0515625
2 0.9890625 0.94140625 0.021875 0.0359375
2 0.23828125 0.3296875 0.028125 0.071875
2 0.19296875 0.4875 0.0796875 0.0234375
2 0.459375 0.7625 0.1375 0.040625
2 0.37109375 0.753125 0.0875 0.090625
2 0.54296875 0.48515625 0.140625 0.08125
2 0.6671875 0.40859375 0.053125 0.14375