2 0.29609375 0.47421875 0.38203125 0.14921875
2 0.84609375 0.6546875 0.3078125 0.18125
2 0.49765625 0.7609375 0.265625 0.1640625
2 0.915625 0.4609375 0.16796875 0.15078125
2 0.12578125 0.80078125 0.18515625 0.03828125
2 0.17890625 0.63828125 0.3578125 0.0984375
2 0.265625 0.725 0.14296875 0.11875
2 0.25078125 0.875 0.16015625 0.07890625
2 0.7265625 0.53828125 0.096875 0.046875
2 0.06484375 0.73125 0.1296875 0.03828125
2 0.50859375 0.63203125 0.30390625 0.14765625
2 0.03203125 0.5171875 0.06328125 0.03203125
2 0.05078125 0.6015625 0.0953125 0.0484375
2 0.85 0.4234375 0.053125 0.07109375
2 0.21328125 0.82265625 0.09921875 0.06875
2 0.74375 0.79375 0.0875 0.0484375
2 0.89375 0.47265625 0.01796875 0.1421875
2 0.01015625 0.66875 0.01875 0.09765625
2 0.109375 0.803125 0.04375 0.17734375
2 0.0359375 0.80234375 0.06953125 0.04921875
2 0.865625 0.49921875 0.034375 0.0390625
2 0.03515625 0.6859375 0.0703125 0.04140625
2 0.59921875 0.428125 0.20390625 0.1890625
2 0.5875 0.5390625 0.18984375 0.0734375
2 0.6578125 0.7453125 0.10546875 0.12109375
2 0.85 0.79765625 0.1703125 0.05234375