0 0.3453125 0.48671875 0.259375 0.25
0 0.61171875 0.56328125 0.16015625 0.1734375
0 0.18828125 0.6015625 0.37578125 0.2703125
0 0.53984375 0.42734375 0.25546875 0.2671875
0 0.4578125 0.72890625 0.171875 0.090625
0 0.60390625 0.703125 0.121875 0.19609375
0 0.8203125 0.57734375 0.11484375 0.18359375
0 0.8015625 0.41015625 0.10625 0.0390625
0 0.61484375 0.24765625 0.05859375 0.09296875
0 0.57421875 0.259375 0.04921875 0.059375
0 0.4828125 0.25390625 0.0859375 0.1375
0 0.44453125 0.26796875 0.03359375 0.06953125
0 0.64765625 0.28046875 0.11171875 0.15390625
0 0.51875 0.6 0.17265625 0.165625
3 0.25703125 0.125 0.51328125 0.25