0 0.19375 0.56953125 0.190625 0.240625
0 0.4765625 0.23046875 0.525 0.38125
1 0.90625 0.4921875 0.184375 0.21875
0 0.1046875 0.54765625 0.209375 0.6875
0 0.7859375 0.8890625 0.134375 0.0875
0 0.10546875 0.375 0.2109375 0.35625
0 0.28515625 0.2234375 0.11875 0.2765625
0 0.57578125 0.521875 0.1234375 0.340625
0 0.80546875 0.67734375 0.2390625 0.06875
0 0.771875 0.7796875 0.128125 0.0984375
0 0.63515625 0.853125 0.1078125 0.246875
0 0.678125 0.61171875 0.2 0.2328125
0 0.51171875 0.7796875 0.2140625 0.21875
0 0.36640625 0.909375 0.209375 0.18125
0 0.44140625 0.75078125 0.209375 0.1375
0 0.45859375 0.5984375 0.125 0.190625