2 0.615625 0.4671875 0.140625 0.0375
2 0.5015625 0.27265625 0.13125 0.03125
2 0.309375 0.346875 0.0859375 0.05
2 0.51484375 0.115625 0.08125 0.06875
2 0.259375 0.6875 0.08125 0.034375
2 0.27578125 0.76328125 0.071875 0.01875
2 0.45546875 0.55546875 0.1109375 0.05
2 0.703125 0.07578125 0.0828125 0.1390625
2 0.35625 0.384375 0.103125 0.0359375
2 0.2546875 0.78359375 0.0625 0.0265625
2 0.24609375 0.34140625 0.05 0.06875
2 0.31171875 0.40390625 0.05625 0.075
2 0.528125 0.521875 0.084375 0.0296875
2 0.315625 0.484375 0.090625 0.0609375
2 0.41015625 0.27109375 0.0921875 0.046875
2 0.40859375 0.659375 0.0765625 0.0390625
2 0.48515625 0.3734375 0.053125 0.096875
2 0.31640625 0.90078125 0.06875 0.05
2 0.31015625 0.7171875 0.075 0.01875
2 0.21953125 0.71015625 0.075 0.0484375
2 0.3828125 0.42734375 0.0921875 0.075
2 0.6078125 0.1890625 0.0484375 0.05
0 0.1171875 0.42734375 0.025 0.065625
2 0.26484375 0.809375 0.046875 0.034375
2 0.41640625 0.7953125 0.059375 0.0265625
2 0.384375 0.76796875 0.046875 0.028125
2 0.2171875 0.43984375 0.084375 0.0625
2 0.2140625 0.51484375 0.075 0.059375
2 0.334375 0.534375 0.0875 0.075
2 0.39453125 0.20859375 0.103125 0.04375
2 0.27734375 0.29765625 0.0359375 0.046875
2 0.16328125 0.73046875 0.0484375 0.0171875
2 0.23046875 0.6046875 0.0625 0.0421875
2 0.646875 0.3859375 0.046875 0.059375
2 0.41953125 0.82578125 0.05 0.025
2 0.55859375 0.41796875 0.034375 0.0828125
2 0.21796875 0.375 0.0375 0.071875
2 0.28359375 0.84453125 0.059375 0.03125
2 0.42734375 0.340625 0.05625 0.021875
2 0.34375 0.2515625 0.053125 0.0359375
2 0.3328125 0.66328125 0.0671875 0.040625
2 0.19609375 0.6578125 0.08125 0.025
2 0.5375 0.3265625 0.0453125 0.053125
2 0.5265625 0.58671875 0.1125 0.096875
0 0.065625 0.18515625 0.009375 0.0234375
2 0.31953125 0.94609375 0.0625 0.046875
2 0.359375 0.884375 0.0359375 0.01875
2 0.1921875 0.8 0.025 0.0703125
2 0.65625 0.21640625 0.13125 0.021875
2 0.665625 0.275 0.04375 0.034375
2 0.1734375 0.46640625 0.028125 0.0609375
2 0.16953125 0.69375 0.0390625 0.01875
2 0.33515625 0.62109375 0.078125 0.028125
2 0.509375 0.20625 0.0375 0.040625
2 0.47109375 0.1046875 0.034375 0.065625
2 0.21171875 0.83671875 0.053125 0.0453125
0 0.0328125 0.26640625 0.0578125 0.0625
2 0.69765625 0.31015625 0.04375 0.04375
2 0.48515625 0.0625 0.04375 0.046875
2 0.16328125 0.61875 0.01875 0.04375
2 0.425 0.16328125 0.0328125 0.046875
2 0.19296875 0.60546875 0.025 0.05625
2 0.43671875 0.70390625 0.075 0.03125
2 0.4484375 0.76015625 0.0328125 0.040625
2 0.37890625 0.8671875 0.034375 0.021875
2 0.165625 0.7625 0.01875 0.0421875
2 0.74765625 0.28671875 0.05625 0.04375
2 0.45234375 0.36484375 0.028125 0.025
2 0.25078125 0.87421875 0.028125 0.0359375
2 0.475 0.315625 0.1203125 0.0484375
2 0.49296875 0.16484375 0.115625 0.096875
2 0.34296875 0.78984375 0.06875 0.053125
2 0.3125 0.74140625 0.096875 0.028125
2 0.49296875 0.4828125 0.0859375 0.09375
2 0.1640625 0.54453125 0.04375 0.1
2 0.33203125 0.3 0.071875 0.053125
2 0.42578125 0.125 0.0515625 0.08125
2 0.7140625 0.17890625 0.109375 0.08125
2 0.58125 0.05625 0.090625 0.0625
2 0.60859375 0.13203125 0.053125 0.10625
2 0.64375 0.13359375 0.0515625 0.125
2 0.38203125 0.321875 0.05 0.096875
2 0.3078125 0.35078125 0.103125 0.065625
2 0.484375 0.6375 0.0796875 0.075
2 0.63359375 0.32109375 0.121875 0.1015625
2 0.39609375 0.6109375 0.0484375 0.046875
2 0.06953125 0.24609375 0.05625 0.1171875
2 0.08046875 0.15546875 0.0328125 0.0515625
2 0.24375 0.5125 0.096875 0.084375
2 0.34921875 0.828125 0.0703125 0.0546875
2 0.63203125 0.43203125 0.140625 0.0578125
2 0.6984375 0.38671875 0.090625 0.075
2 0.42578125 0.4796875 0.06875 0.075
2 0.3171875 0.5796875 0.06875 0.040625
2 0.35 0.69921875 0.08125 0.0375
2 0.39765625 0.7296875 0.0703125 0.053125
2 0.22109375 0.8671875 0.034375 0.0265625
2 0.478125 0.24375 0.15625 0.05625
2 0.58125 0.24609375 0.071875 0.0671875