0 0.765625 0.4796875 0.290625 0.171875
0 0.275 0.5984375 0.35 0.1703125
0 0.13046875 0.69140625 0.071875 0.040625
3 0.87109375 0.73359375 0.23125 0.09375
3 0.7328125 0.7265625 0.121875 0.065625
3 0.64375 0.7359375 0.0828125 0.0703125
3 0.58203125 0.75234375 0.05 0.0375
3 0.5171875 0.7421875 0.084375 0.0578125
3 0.4359375 0.7515625 0.0734375 0.0578125
3 0.36875 0.75703125 0.059375 0.05
3 0.321875 0.7640625 0.034375 0.03125
3 0.29140625 0.7640625 0.0296875 0.021875
3 0.23828125 0.7640625 0.04375 0.025
3 0.26875 0.7671875 0.01875 0.0140625