0 0.64921875 0.26953125 0.4375 0.434375
0 0.853125 0.571875 0.2921875 0.4
0 0.5 0.59296875 0.3 0.278125
0 0.16953125 0.65234375 0.3390625 0.321875
0 0.27734375 0.15625 0.553125 0.246875
0 0.3046875 0.44765625 0.609375 0.2421875
0 0.04453125 0.56796875 0.0890625 0.0875
0 0.3140625 0.3125 0.628125 0.225
0 0.71015625 0.59375 0.146875 0.184375
0 0.16953125 0.2640625 0.3390625 0.359375
0 0.93671875 0.4875 0.121875 0.234375
0 0.61171875 0.5234375 0.09375 0.090625
0 0.5765625 0.37890625 0.059375 0.1078125
0 0.7109375 0.12890625 0.06875 0.1078125