2 0.6859375 0.20390625 0.228125 0.234375
2 0.54609375 0.50703125 0.2453125 0.2
2 0.65078125 0.8484375 0.1625 0.1875
2 0.421875 0.290625 0.11875 0.490625
2 0.42578125 0.66171875 0.115625 0.103125
2 0.41796875 0.55859375 0.0875 0.078125
2 0.421875 0.4484375 0.11875 0.2078125
2 0.43515625 0.57109375 0.13125 0.2828125
2 0.50078125 0.75546875 0.05625 0.1
2 0.528125 0.82109375 0.046875 0.071875
2 0.76171875 0.40390625 0.2515625 0.0609375
2 0.5453125 0.046875 0.1375 0.09375
2 0.5078125 0.053125 0.084375 0.10625
2 0.51875 0.27265625 0.0390625 0.125
2 0.4671875 0.33515625 0.05 0.14375
2 0.3171875 0.08125 0.08125 0.1
2 0.60625 0.72578125 0.065625 0.10625
2 0.87890625 0.42421875 0.0625 0.1578125
2 0.59296875 0.89609375 0.0359375 0.0671875
2 0.62578125 0.9140625 0.09375 0.16875
2 0.36328125 0.03984375 0.04375 0.071875
2 0.6390625 0.7515625 0.0375 0.0875
2 0.60390625 0.30078125 0.034375 0.153125
2 0.6796875 0.9640625 0.065625 0.071875
2 0.525 0.3234375 0.03125 0.0734375
2 0.6515625 0.55078125 0.0609375 0.0921875
2 0.38984375 0.12578125 0.0375 0.1375
2 0.85859375 0.13203125 0.071875 0.2625
2 0.7703125 0.4796875 0.1375 0.090625
2 0.5546875 0.36484375 0.1234375 0.121875
2 0.5171875 0.6625 0.2609375 0.0625
2 0.94609375 0.19140625 0.1078125 0.1125
2 0.52890625 0.16796875 0.0921875 0.08125
2 0.74375 0.55703125 0.084375 0.0515625
2 0.40625 0.04609375 0.090625 0.090625