0 0.58046875 0.5796875 0.528125 0.3171875
0 0.28125 0.51015625 0.1625 0.1
0 0.58203125 0.21484375 0.15625 0.10625
0 0.45234375 0.47109375 0.1859375 0.09375
0 0.8359375 0.32578125 0.059375 0.3234375
0 0.178125 0.76328125 0.35625 0.2734375
0 0.93203125 0.603125 0.1359375 0.115625
1 0.82890625 0.5390625 0.090625 0.0625
1 0.21875 0.63984375 0.13125 0.05625
0 0.80703125 0.2875 0.03125 0.3203125
0 0.75625 0.26875 0.0875 0.4125
0 0.63125 0.1921875 0.115625 0.178125
0 0.709375 0.19296875 0.103125 0.190625
0 0.63046875 0.421875 0.125 0.0625
0 0.39921875 0.4 0.25 0.165625
0 0.59140625 0.34375 0.1875 0.103125
0 0.1953125 0.47265625 0.1734375 0.0890625
0 0.47109375 0.2171875 0.0796875 0.0625
0 0.596875 0.6078125 0.5421875 0.29375
0 0.13359375 0.59609375 0.11875 0.109375