2 0.8875 0.51171875 0.1625 0.1234375
2 0.91328125 0.340625 0.08125 0.0953125
2 0.20859375 0.33828125 0.3125 0.165625
2 0.02265625 0.19921875 0.0453125 0.1015625
2 0.53046875 0.26640625 0.26875 0.16875
2 0.075 0.271875 0.15 0.196875
2 0.60859375 0.8 0.1328125 0.19375
2 0.23125 0.1875 0.15 0.090625
2 0.69609375 0.8671875 0.096875 0.078125
2 0.4640625 0.75234375 0.1390625 0.1359375
2 0.95703125 0.646875 0.084375 0.1109375
2 0.93046875 0.05625 0.13125 0.103125
2 0.3953125 0.153125 0.0875 0.3046875
2 0.9125 0.7265625 0.0625 0.090625
2 0.74296875 0.75234375 0.0828125 0.059375
2 0.41015625 0.82734375 0.0734375 0.09375
2 0.94375 0.16640625 0.05625 0.05
2 0.80234375 0.37109375 0.053125 0.065625
2 0.2734375 0.4140625 0.06875 0.0953125
2 0.84296875 0.54140625 0.084375 0.0515625
2 0.78046875 0.45859375 0.0375 0.13125
2 0.73984375 0.628125 0.0984375 0.109375
2 0.56015625 0.5609375 0.04375 0.109375
2 0.49296875 0.45625 0.075 0.175
2 0.80703125 0.01953125 0.0484375 0.0390625
2 0.62265625 0.94375 0.05625 0.1
2 0.36875 0.5296875 0.1046875 0.128125
2 0.5046875 0.5984375 0.0703125 0.115625
2 0.01484375 0.646875 0.028125 0.03125
2 0.62578125 0.54453125 0.021875 0.1125
2 0.975 0.69609375 0.05 0.028125
2 0.4515625 0.8578125 0.040625 0.034375
2 0.08125 0.67578125 0.1078125 0.046875
2 0.084375 0.0359375 0.05625 0.0609375
2 0.35625 0.65703125 0.021875 0.125
2 0.37421875 0.634375 0.0296875 0.1015625
2 0.53984375 0.934375 0.021875 0.059375
2 0.57421875 0.9515625 0.021875 0.065625
2 0.13828125 0.06171875 0.184375 0.1109375
2 0.08828125 0.5125 0.1703125 0.2421875
2 0.3921875 0.7234375 0.040625 0.090625
2 0.31796875 0.578125 0.040625 0.0359375
2 0.51484375 0.86875 0.021875 0.040625
2 0.28046875 0.525 0.046875 0.0453125
2 0.38203125 0.83203125 0.009375 0.0828125
2 0.6125 0.0578125 0.13125 0.115625
2 0.6796875 0.434375 0.0359375 0.04375
2 0.8265625 0.28828125 0.0625 0.05625
2 0.303125 0.65234375 0.03125 0.0625
2 0.72734375 0.075 0.0828125 0.15
2 0.02109375 0.31171875 0.040625 0.1
2 0.19609375 0.7359375 0.04375 0.0578125
2 0.79609375 0.8796875 0.096875 0.08125
1 0.76640625 0.2046875 0.03125 0.0796875
2 0.77265625 0.31640625 0.1375 0.221875
2 0.865625 0.11875 0.0796875 0.2265625
2 0.440625 0.396875 0.0375 0.209375
2 0.45546875 0.49921875 0.06875 0.14375