2 0.38046875 0.23515625 0.1015625 0.028125
2 0.51796875 0.2796875 0.140625 0.0625
2 0.36640625 0.2828125 0.0875 0.034375
2 0.39140625 0.375 0.096875 0.03125
2 0.53671875 0.32578125 0.1296875 0.0484375
2 0.61484375 0.30703125 0.0734375 0.090625
2 0.66640625 0.3015625 0.0171875 0.2265625
2 0.4984375 0.40703125 0.115625 0.04375
2 0.75078125 0.3421875 0.1125 0.08125
2 0.603125 0.2015625 0.103125 0.0453125
2 0.49375 0.37890625 0.175 0.0421875
2 0.79609375 0.27265625 0.10625 0.078125
2 0.41015625 0.2609375 0.075 0.1703125
2 0.6 0.39609375 0.125 0.0765625
2 0.56171875 0.38046875 0.028125 0.103125
2 0.69453125 0.2953125 0.0578125 0.0296875
2 0.6984375 0.40390625 0.04375 0.05
2 0.73359375 0.30625 0.015625 0.034375
2 0.846875 0.3046875 0.1 0.021875
2 0.6828125 0.2328125 0.0578125 0.084375
2 0.72109375 0.23671875 0.0578125 0.0796875
2 0.63125 0.2453125 0.0625 0.053125
2 0.4671875 0.20859375 0.0640625 0.0625
2 0.6046875 0.28203125 0.0953125 0.1609375
2 0.52890625 0.21171875 0.053125 0.03125
2 0.43984375 0.409375 0.059375 0.053125