2 0.3578125 0.4484375 0.103125 0.2515625
2 0.44375 0.36328125 0.03984375 0.2296875
2 0.46484375 0.3671875 0.1015625 0.32734375
2 0.5328125 0.3859375 0.04609375 0.1703125
2 0.5875 0.45390625 0.12265625 0.2828125
2 0.63828125 0.4234375 0.065625 0.2515625
2 0.72890625 0.3703125 0.11640625 0.2515625
2 0.81875 0.3890625 0.09453125 0.24296875
2 0.125 0.4625 0.0765625 0.18359375
2 0.12734375 0.47109375 0.18984375 0.10234375
2 0.20546875 0.41171875 0.11796875 0.12890625
2 0.27421875 0.38203125 0.046875 0.1453125
2 0.353125 0.375 0.0828125 0.15546875
2 0.39453125 0.3265625 0.084375 0.18359375
2 0.84609375 0.453125 0.3078125 0.07265625
2 0.94765625 0.34609375 0.1015625 0.15078125
2 0.9453125 0.56953125 0.109375 0.1140625
2 0.93515625 0.5109375 0.12890625 0.07265625
2 0.65078125 0.62734375 0.125 0.09765625
2 0.1109375 0.5578125 0.21953125 0.146875
2 0.28515625 0.48203125 0.13359375 0.13046875
2 0.575 0.27578125 0.10546875 0.11875