2 0.14296875 0.37421875 0.1875 0.084375
2 0.190625 0.465625 0.1796875 0.1
2 0.359375 0.353125 0.303125 0.0890625
2 0.165625 0.4171875 0.1453125 0.08125
2 0.81484375 0.57578125 0.2234375 0.09375
2 0.3484375 0.30859375 0.16875 0.05
2 0.54921875 0.3 0.221875 0.08125
2 0.91171875 0.50078125 0.175 0.05625
2 0.8109375 0.43359375 0.1125 0.0328125
2 0.59296875 0.496875 0.1578125 0.0453125
2 0.23984375 0.36328125 0.1546875 0.090625
2 0.35859375 0.46015625 0.1375 0.08125
2 0.1625 0.3453125 0.14375 0.0515625
2 0.046875 0.39140625 0.0578125 0.0328125
2 0.4625 0.29296875 0.140625 0.021875
2 0.709375 0.62109375 0.1484375 0.08125
2 0.81484375 0.41015625 0.0984375 0.021875
2 0.30078125 0.38203125 0.1671875 0.0359375
2 0.04609375 0.3765625 0.05625 0.0203125
2 0.8453125 0.52734375 0.1125 0.040625
2 0.4484375 0.56484375 0.096875 0.059375
2 0.865625 0.6171875 0.26875 0.109375
2 0.83828125 0.48046875 0.1265625 0.059375
2 0.63359375 0.4859375 0.1125 0.10625
2 0.4015625 0.5890625 0.0453125 0.053125
2 0.61015625 0.5953125 0.115625 0.0828125
2 0.4859375 0.51484375 0.05 0.0453125
2 0.40234375 0.52421875 0.05625 0.05
2 0.51171875 0.5484375 0.05 0.034375
2 0.81953125 0.340625 0.06875 0.01875
2 0.43671875 0.61875 0.065625 0.05625
2 0.7859375 0.4875 0.08125 0.021875
2 0.7484375 0.55859375 0.084375 0.0375
2 0.76953125 0.36015625 0.075 0.0671875
2 0.53984375 0.55 0.084375 0.0984375
2 0.09296875 0.3734375 0.059375 0.034375
2 0.51640625 0.49765625 0.01875 0.021875
2 0.50546875 0.4671875 0.01875 0.01875
2 0.57421875 0.44609375 0.0140625 0.01875
2 0.25703125 0.54296875 0.078125 0.0375
2 0.51640625 0.63671875 0.06875 0.059375
2 0.47734375 0.64609375 0.0625 0.046875
2 0.78125 0.66953125 0.103125 0.075
2 0.76953125 0.26875 0.15 0.03125
2 0.50234375 0.609375 0.0671875 0.028125
2 0.51875 0.71796875 0.2671875 0.159375
2 0.575 0.6671875 0.05 0.0640625
2 0.46640625 0.5375 0.05 0.03125
2 0.76015625 0.53203125 0.0734375 0.0421875
2 0.28828125 0.31875 0.0546875 0.046875
2 0.32109375 0.54296875 0.090625 0.078125
2 0.559375 0.3859375 0.140625 0.0609375
2 0.65625 0.34296875 0.10625 0.090625
2 0.7046875 0.446875 0.0546875 0.246875
2 0.48984375 0.43984375 0.1125 0.065625
2 0.4390625 0.259375 0.153125 0.10625
2 0.715625 0.6609375 0.221875 0.125
2 0.57578125 0.2125 0.109375 0.0875
2 0.278125 0.9015625 0.246875 0.196875