2 0.56796875 0.54765625 0.36640625 0.23671875
2 0.1421875 0.50390625 0.0578125 0.10234375
2 0.22109375 0.46875 0.28359375 0.2296875
2 0.85234375 0.39453125 0.29375 0.109375
2 0.40625 0.19140625 0.18046875 0.16953125
2 0.496875 0.47265625 0.23984375 0.11171875
2 0.8625 0.8421875 0.27421875 0.31484375
2 0.1078125 0.64765625 0.1296875 0.03828125
2 0.346875 0.34296875 0.09140625 0.04140625
2 0.94296875 0.5984375 0.1140625 0.115625
2 0.0546875 0.82421875 0.04609375 0.071875
2 0.21796875 0.403125 0.05 0.05078125
2 0.11796875 0.39453125 0.06796875 0.07734375
2 0.77890625 0.78515625 0.125 0.18125
2 0.61015625 0.16171875 0.11328125 0.27734375
2 0.528125 0.91953125 0.146875 0.09296875
2 0.6453125 0.878125 0.0921875 0.10859375
2 0.3625 0.7328125 0.0953125 0.034375
2 0.03828125 0.4421875 0.0765625 0.171875
2 0.771875 0.3296875 0.14921875 0.06015625
2 0.73359375 0.38359375 0.096875 0.046875
2 0.26640625 0.3703125 0.0703125 0.03125
2 0.25 0.11484375 0.22109375 0.046875
2 0.44140625 0.384375 0.0515625 0.09609375
2 0.3890625 0.8859375 0.11796875 0.14921875
2 0.2921875 0.74375 0.07578125 0.15390625
2 0.253125 0.96640625 0.059375 0.05546875
2 0.72109375 0.096875 0.109375 0.17109375
2 0.71640625 0.91328125 0.10078125 0.14765625
2 0.790625 0.5578125 0.1484375 0.20625
2 0.503125 0.86015625 0.13671875 0.12265625
2 0.58515625 0.6625 0.3078125 0.27734375
2 0.56015625 0.4 0.14609375 0.2
2 0.409375 0.33046875 0.32890625 0.11640625
2 0.6234375 0.35703125 0.1953125 0.16875
2 0.57734375 0.67265625 0.3015625 0.2578125