0 0.25 0.340625 0.1296875 0.121875
0 0.8640625 0.22109375 0.1859375 0.221875
0 0.67890625 0.57421875 0.3109375 0.11875
0 0.38515625 0.34453125 0.078125 0.109375
1 0.7265625 0.26796875 0.078125 0.171875
1 0.64453125 0.278125 0.10625 0.15625
1 0.5609375 0.3046875 0.078125 0.1640625
1 0.61328125 0.32578125 0.0625 0.1359375
1 0.68359375 0.37890625 0.08125 0.0921875
1 0.75703125 0.30546875 0.059375 0.1234375
1 0.46015625 0.32890625 0.0734375 0.1296875
0 0.44296875 0.40859375 0.0796875 0.0671875
0 0.496875 0.2609375 0.078125 0.0953125
0 0.8234375 0.375 0.084375 0.140625
0 0.50859375 0.55234375 0.08125 0.146875
1 0.54453125 0.11796875 0.065625 0.053125
1 0.49140625 0.18203125 0.015625 0.0234375
1 0.7109375 0.16171875 0.046875 0.021875
1 0.76484375 0.14375 0.01875 0.0125
1 0.4734375 0.21328125 0.06875 0.053125
1 0.05859375 0.24765625 0.0296875 0.025