0 0.26953125 0.35078125 0.434375 0.4375
0 0.571875 0.146875 0.4 0.2921875
0 0.59296875 0.5 0.278125 0.3
0 0.65234375 0.83046875 0.321875 0.3390625
0 0.15625 0.72265625 0.246875 0.553125
0 0.44765625 0.6953125 0.2421875 0.609375
0 0.56796875 0.95546875 0.0875 0.0890625
0 0.3125 0.6859375 0.225 0.628125
0 0.59375 0.28984375 0.184375 0.146875
0 0.2640625 0.83046875 0.359375 0.3390625
0 0.4875 0.06328125 0.234375 0.121875
0 0.5234375 0.38828125 0.090625 0.09375
0 0.37890625 0.4234375 0.1078125 0.059375
0 0.12890625 0.2890625 0.1078125 0.06875