0 0.41953125 0.5796875 0.528125 0.3171875
0 0.71875 0.51015625 0.16171875 0.09921875
0 0.41796875 0.21484375 0.15625 0.10625
0 0.54765625 0.47109375 0.1859375 0.09453125
0 0.1640625 0.32578125 0.059375 0.3234375
0 0.821875 0.76328125 0.35625 0.2734375
0 0.06796875 0.603125 0.1359375 0.115625
1 0.17109375 0.5390625 0.090625 0.06328125
1 0.78125 0.63984375 0.13046875 0.05703125
0 0.19296875 0.2875 0.03125 0.3203125
0 0.24375 0.26875 0.0875 0.41328125
0 0.36875 0.1921875 0.115625 0.17890625
0 0.290625 0.19296875 0.10234375 0.18984375
0 0.36953125 0.421875 0.12421875 0.06171875
0 0.60078125 0.4 0.25 0.16484375
0 0.40859375 0.34375 0.18828125 0.103125
0 0.8046875 0.47265625 0.1734375 0.0890625
0 0.52890625 0.2171875 0.0796875 0.06171875
0 0.403125 0.6078125 0.5421875 0.29296875
0 0.86640625 0.59609375 0.11875 0.11015625