2 0.35234375 0.21484375 0.1453125 0.153125
2 0.6234375 0.35 0.03125 0.09375
2 0.42734375 0.540625 0.1625 0.13125
2 0.51953125 0.67421875 0.2109375 0.096875
2 0.60234375 0.56875 0.0625 0.04375
2 0.4546875 0.4828125 0.09375 0.0625
2 0.54140625 0.8171875 0.046875 0.0546875
2 0.65 0.9015625 0.0765625 0.0171875
2 0.65234375 0.375 0.09375 0.1359375
2 0.74140625 0.79765625 0.065625 0.0875
2 0.59296875 0.14921875 0.065625 0.140625
2 0.38671875 0.51796875 0.065625 0.05
2 0.4875 0.33203125 0.0515625 0.04375
2 0.71796875 0.8015625 0.0203125 0.0609375
2 0.55 0.30625 0.1 0.0609375
2 0.53125 0.265625 0.075 0.04375
2 0.5828125 0.83125 0.046875 0.0765625
2 0.675 0.54765625 0.04375 0.065625
2 0.73828125 0.8625 0.0921875 0.209375
2 0.7046875 0.68203125 0.1625 0.109375
2 0.490625 0.90546875 0.0625 0.0296875
2 0.559375 0.9296875 0.05 0.040625
2 0.5453125 0.12890625 0.0359375 0.0359375
2 0.3515625 0.40234375 0.11875 0.08125
2 0.61328125 0.92890625 0.03125 0.0453125
2 0.67734375 0.7625 0.01875 0.04375
2 0.64140625 0.83046875 0.0625 0.0625
2 0.4859375 0.20546875 0.159375 0.1125
2 0.60234375 0.45546875 0.1703125 0.065625
2 0.6171875 0.54921875 0.14375 0.10625
2 0.53125 0.61796875 0.1203125 0.13125
2 0.69375 0.67421875 0.1875 0.225
2 0.6125 0.7859375 0.1671875 0.09375
2 0.6234375 0.92578125 0.2015625 0.1484375
2 0.44453125 0.3734375 0.1625 0.159375