2 0.79609375 0.3140625 0.234375 0.228125
2 0.49296875 0.45390625 0.2 0.2453125
2 0.1515625 0.34921875 0.1875 0.1625
2 0.709375 0.578125 0.490625 0.11875
2 0.33828125 0.57421875 0.103125 0.115625
2 0.44140625 0.58203125 0.078125 0.0875
2 0.5515625 0.578125 0.2078125 0.11875
2 0.42890625 0.56484375 0.2828125 0.13125
2 0.24453125 0.49921875 0.1 0.05625
2 0.17890625 0.471875 0.071875 0.046875
2 0.59609375 0.23828125 0.0609375 0.2515625
2 0.953125 0.4546875 0.09375 0.1375
2 0.946875 0.4921875 0.10625 0.084375
2 0.72734375 0.48125 0.125 0.0390625
2 0.66484375 0.5328125 0.14375 0.05
2 0.91875 0.6828125 0.1 0.08125
2 0.27421875 0.39375 0.10625 0.065625
2 0.57578125 0.12109375 0.1578125 0.0625
2 0.10390625 0.40703125 0.0671875 0.0359375
2 0.0859375 0.37421875 0.16875 0.09375
2 0.96015625 0.63671875 0.071875 0.04375
2 0.2484375 0.3609375 0.0875 0.0375
2 0.69921875 0.39609375 0.153125 0.034375
2 0.0359375 0.3203125 0.071875 0.065625
2 0.6765625 0.475 0.0734375 0.03125
2 0.44921875 0.3484375 0.0921875 0.0609375
2 0.87421875 0.61015625 0.1375 0.0375
2 0.86796875 0.14140625 0.2625 0.071875
2 0.5203125 0.2296875 0.090625 0.1375
2 0.63515625 0.4453125 0.121875 0.1234375
2 0.3375 0.4828125 0.0625 0.2609375
2 0.80859375 0.05390625 0.1125 0.1078125
2 0.83203125 0.47109375 0.08125 0.0921875
2 0.44296875 0.25625 0.0515625 0.084375
2 0.95390625 0.59375 0.090625 0.090625