0 0.52578125 0.240625 0.090625 0.16875
0 0.44609375 0.371875 0.065625 0.215625
3 0.3046875 0.32421875 0.221875 0.234375
0 0.57890625 0.70234375 0.4046875 0.1578125
0 0.7234375 0.3640625 0.0859375 0.1390625
0 0.64765625 0.2140625 0.071875 0.103125
0 0.74921875 0.25546875 0.084375 0.115625
0 0.64921875 0.3859375 0.06875 0.1125
0 0.590625 0.3140625 0.0890625 0.1328125
0 0.66953125 0.3015625 0.071875 0.103125
0 0.30390625 0.4859375 0.25 0.246875
3 0.8859375 0.39609375 0.225 0.265625
0 0.05078125 0.4359375 0.096875 0.0453125
0 0.11015625 0.42890625 0.0546875 0.0375
0 0.1453125 0.4171875 0.0375 0.028125