2 0.5796875 0.27578125 0.025 0.0390625
2 0.5578125 0.26953125 0.0265625 0.053125
2 0.63203125 0.13828125 0.0359375 0.025
2 0.5 0.215625 0.04375 0.0375
2 0.6515625 0.16796875 0.034375 0.034375
2 0.2984375 0.23828125 0.040625 0.040625
2 0.7203125 0.221875 0.040625 0.0265625
2 0.959375 0.25703125 0.034375 0.03125
2 0.6015625 0.14453125 0.03125 0.0203125
2 0.63203125 0.36953125 0.05 0.1171875
2 0.8703125 0.2421875 0.046875 0.0421875
2 0.9171875 0.10078125 0.040625 0.046875
2 0.7375 0.38125 0.04375 0.0390625
2 0.90390625 0.2484375 0.034375 0.040625
2 0.778125 0.13359375 0.0171875 0.0515625
2 0.3015625 0.2015625 0.053125 0.0484375
2 0.60703125 0.171875 0.021875 0.0375
2 0.496875 0.196875 0.04375 0.0375
2 0.8703125 0.075 0.021875 0.01875
2 0.38046875 0.1515625 0.028125 0.021875
2 0.4953125 0.16796875 0.01875 0.021875
2 0.55703125 0.21328125 0.0390625 0.046875
2 0.60078125 0.378125 0.046875 0.1296875
2 0.7546875 0.1171875 0.0328125 0.0421875
2 0.6578125 0.40625 0.0703125 0.0953125
2 0.61640625 0.4375 0.04375 0.05625
2 0.26640625 0.18828125 0.034375 0.025
2 0.65390625 0.11484375 0.03125 0.034375
2 0.40546875 0.4203125 0.05625 0.0875
2 0.2296875 0.2421875 0.0640625 0.065625
2 0.4875 0.31171875 0.0484375 0.09375
2 0.42265625 0.2671875 0.0765625 0.034375
2 0.50546875 0.415625 0.059375 0.13125
2 0.3234375 0.16484375 0.0375 0.04375
2 0.39296875 0.20078125 0.0921875 0.1
2 0.61875 0.3 0.0453125 0.071875
2 0.94921875 0.1546875 0.053125 0.0703125
2 0.378125 0.3765625 0.075 0.140625
2 0.71796875 0.14765625 0.0171875 0.04375
2 0.28984375 0.278125 0.040625 0.05625
2 0.98359375 0.19453125 0.0328125 0.025
2 0.58359375 0.584375 0.071875 0.10625
2 0.67734375 0.19375 0.025 0.0390625
2 0.44765625 0.4765625 0.059375 0.040625
2 0.596875 0.28984375 0.034375 0.078125
2 0.67890625 0.09765625 0.05 0.0171875
2 0.61875 0.534375 0.03125 0.065625
2 0.26484375 0.234375 0.046875 0.059375
2 0.84140625 0.21796875 0.0375 0.059375
2 0.53984375 0.30390625 0.040625 0.1234375
2 0.62109375 0.17578125 0.0328125 0.0453125
2 0.628125 0.19140625 0.0125 0.0359375
2 0.578125 0.2375 0.0359375 0.0390625
2 0.73984375 0.1671875 0.021875 0.05
2 0.7859375 0.1 0.0125 0.05
2 0.66328125 0.28359375 0.053125 0.08125
2 0.31484375 0.29609375 0.0359375 0.10625
2 0.25546875 0.41875 0.0625 0.0625
2 0.97734375 0.16953125 0.0421875 0.034375
2 0.23984375 0.21015625 0.034375 0.028125
2 0.834375 0.09453125 0.04375 0.021875
2 0.45078125 0.35078125 0.08125 0.0375
2 0.6984375 0.14140625 0.0328125 0.04375
2 0.084375 0.34296875 0.04375 0.04375
2 0.76484375 0.4421875 0.053125 0.040625
2 0.425 0.53671875 0.10625 0.0625
2 0.56484375 0.36796875 0.040625 0.153125
2 0.88359375 0.13125 0.034375 0.0421875
2 0.36796875 0.471875 0.08125 0.0890625
2 0.796875 0.22890625 0.03125 0.0375
2 0.2921875 0.3828125 0.059375 0.05625
2 0.41015625 0.503125 0.021875 0.0625
2 0.3375 0.34296875 0.028125 0.10625
2 0.46484375 0.42109375 0.03125 0.0375
2 0.7953125 0.15390625 0.046875 0.0265625
2 0.63515625 0.6390625 0.03125 0.125
2 0.146875 0.3640625 0.09375 0.065625
2 0.5375 0.5921875 0.0640625 0.08125
2 0.2 0.21171875 0.0375 0.040625
2 0.290625 0.503125 0.078125 0.075
2 0.15078125 0.24921875 0.0375 0.0453125
2 0.69453125 0.30234375 0.025 0.0203125
2 0.26640625 0.334375 0.0296875 0.0671875
2 0.1296875 0.33046875 0.05 0.0984375
2 0.68203125 0.43515625 0.040625 0.06875
2 0.65625 0.46875 0.046875 0.0703125
2 0.228125 0.4125 0.05625 0.125
2 0.45390625 0.58125 0.04375 0.0796875
2 0.93671875 0.21796875 0.028125 0.0625
2 0.64296875 0.49375 0.04375 0.06875
2 0.2125 0.34375 0.0625 0.103125
2 0.709375 0.45390625 0.0296875 0.046875
2 0.9703125 0.11328125 0.0546875 0.0609375
2 0.8328125 0.1328125 0.025 0.0203125
2 0.39609375 0.31796875 0.0234375 0.075
2 0.43671875 0.509375 0.034375 0.0375
2 0.12421875 0.271875 0.034375 0.04375
2 0.5890625 0.178125 0.0296875 0.0375
2 0.38203125 0.58515625 0.096875 0.0515625
2 0.70859375 0.51953125 0.065625 0.0625
2 0.553125 0.18046875 0.0359375 0.028125
2 0.3921875 0.34765625 0.04375 0.040625
2 0.44296875 0.31484375 0.065625 0.059375
2 0.7046875 0.1171875 0.009375 0.05625
2 0.1921875 0.4890625 0.05625 0.0234375
2 0.521875 0.35 0.05 0.140625
2 0.2 0.1828125 0.040625 0.0609375
2 0.7453125 0.54765625 0.0390625 0.04375
2 0.440625 0.6328125 0.1078125 0.046875
2 0.16953125 0.44375 0.0609375 0.0765625
2 0.08984375 0.38828125 0.025 0.053125
2 0.6515625 0.59921875 0.03125 0.128125
2 0.090625 0.3078125 0.05 0.0375
2 0.28671875 0.45234375 0.0890625 0.096875
2 0.7921875 0.425 0.046875 0.0671875
2 0.6078125 0.66640625 0.0234375 0.0875
2 0.77421875 0.63515625 0.08125 0.075
2 0.8390625 0.5484375 0.05 0.1109375
2 0.8734375 0.58359375 0.0328125 0.0921875
2 0.8125 0.45703125 0.084375 0.0671875
2 0.89609375 0.5875 0.0390625 0.103125
2 0.93984375 0.26875 0.040625 0.009375
2 0.9625 0.09296875 0.03125 0.040625
2 0.85 0.16171875 0.028125 0.065625
2 0.76171875 0.515625 0.096875 0.0375
2 0.98671875 0.284375 0.025 0.0125
2 0.24921875 0.30703125 0.053125 0.103125
2 0.69765625 0.56640625 0.03125 0.028125
2 0.87890625 0.10390625 0.053125 0.0265625
2 0.74375 0.34375 0.0375 0.0359375
2 0.384375 0.53125 0.0421875 0.021875
2 0.36640625 0.29921875 0.025 0.075
2 0.7 0.34765625 0.053125 0.04375
2 0.99375 0.16953125 0.0125 0.028125
2 0.75234375 0.58515625 0.0703125 0.0453125
2 0.8359375 0.48671875 0.0328125 0.0328125
2 0.91015625 0.0453125 0.128125 0.0515625
2 0.9890625 0.05859375 0.021875 0.0359375
2 0.23828125 0.6703125 0.028125 0.071875
2 0.19296875 0.5125 0.0796875 0.0234375
2 0.459375 0.2375 0.1375 0.040625
2 0.37109375 0.246875 0.0875 0.090625
2 0.54296875 0.51484375 0.140625 0.08125
2 0.6671875 0.59140625 0.053125 0.14375