3 0.2234375 0.93359375 0.11875 0.1328125
0 0.571875 0.3125 0.14375 0.215625
0 0.340625 0.77421875 0.084375 0.06875
0 0.5625 0.196875 0.0875 0.078125
0 0.8609375 0.50625 0.125 0.121875
3 0.3921875 0.57734375 0.19375 0.2375
3 0.325 0.884375 0.071875 0.109375
0 0.73828125 0.2 0.421875 0.24375
2 0.328125 0.09375 0.015625 0.021875
0 0.69296875 0.60390625 0.0640625 0.04375
0 0.265625 0.3015625 0.015625 0.0625
0 0.87421875 0.3109375 0.075 0.0375
0 0.30859375 0.45234375 0.03125 0.103125
0 0.215625 0.2921875 0.0375 0.0734375
0 0.20390625 0.10078125 0.046875 0.0359375
0 0.76796875 0.5984375 0.021875 0.0359375
0 0.2125 0.14140625 0.03125 0.046875
0 0.696875 0.34609375 0.1 0.1171875
0 0.2484375 0.25234375 0.165625 0.075
0 0.2671875 0.33671875 0.01875 0.0265625
0 0.20078125 0.0625 0.1125 0.121875
0 0.75234375 0.56328125 0.046875 0.025
3 0.4578125 0.44140625 0.184375 0.246875
0 0.75703125 0.3984375 0.246875 0.396875