0 0.409375 0.71328125 0.18125 0.39375
0 0.17578125 0.58671875 0.296875 0.31875
1 0.6125 0.375 0.075 0.1125
1 0.5453125 0.4234375 0.015625 0.0578125
1 0.525 0.45 0.028125 0.0609375
1 0.5640625 0.4203125 0.015625 0.059375
1 0.53203125 0.4046875 0.028125 0.05
1 0.64453125 0.44921875 0.06875 0.028125
1 0.60859375 0.48359375 0.053125 0.084375
1 0.5234375 0.5265625 0.15 0.165625
0 0.678125 0.59765625 0.271875 0.1375
0 0.5671875 0.67890625 0.184375 0.18125
0 0.52890625 0.8265625 0.134375 0.16875
0 0.34609375 0.66640625 0.14375 0.33125
1 0.66484375 0.05078125 0.1125 0.1
1 0.3546875 0.12109375 0.0890625 0.0625
1 0.834375 0.30234375 0.0296875 0.0109375
1 0.23046875 0.37109375 0.053125 0.05625
1 0.4328125 0.48046875 0.025 0.021875