0 0.3609375 0.5609375 0.1390625 0.2390625
0 0.17734375 0.08359375 0.15 0.1625
0 0.67890625 0.7453125 0.21875 0.1421875
0 0.8265625 0.68828125 0.0453125 0.0515625
0 0.41640625 0.3390625 0.084375 0.153125
0 0.3921875 0.82421875 0.0828125 0.0765625
0 0.34375 0.79296875 0.11875 0.13125
0 0.45703125 0.46328125 0.084375 0.09375
0 0.61171875 0.13984375 0.075 0.078125
0 0.5296875 0.20859375 0.18125 0.140625
0 0.3015625 0.4375 0.071875 0.053125
0 0.2296875 0.66796875 0.1484375 0.3375
0 0.3484375 0.66796875 0.1171875 0.10625