0 0.3828125 0.3265625 0.353125 0.3859375
0 0.6578125 0.3171875 0.215625 0.25
0 0.75078125 0.728125 0.325 0.2265625
0 0.77578125 0.67734375 0.2484375 0.1125
0 0.36015625 0.6765625 0.225 0.08125
0 0.353125 0.596875 0.14375 0.1234375
0 0.44921875 0.56875 0.06875 0.109375
0 0.58125 0.5640625 0.1265625 0.15
0 0.6390625 0.4734375 0.184375 0.2640625
0 0.80234375 0.5859375 0.20625 0.0953125
0 0.5015625 0.6765625 0.1296875 0.146875
0 0.24375 0.53046875 0.1828125 0.153125
0 0.178125 0.4984375 0.153125 0.1609375
0 0.16953125 0.3796875 0.1515625 0.20625