0 0.44609375 0.7953125 0.340625 0.296875
0 0.60703125 0.58046875 0.334375 0.396875
0 0.3609375 0.5828125 0.19375 0.284375
0 0.33125 0.0953125 0.1390625 0.1828125
0 0.5046875 0.2234375 0.10625 0.18125
0 0.45859375 0.340625 0.121875 0.11875
0 0.42890625 0.21484375 0.1 0.1078125
0 0.58046875 0.3640625 0.08125 0.1390625
0 0.75234375 0.75703125 0.10625 0.0625
0 0.53125 0.9453125 0.1140625 0.1
0 0.57578125 0.93671875 0.090625 0.090625
0 0.625 0.82890625 0.08125 0.1046875
0 0.30703125 0.42890625 0.1140625 0.11875