2 0.33046875 0.759375 0.1203125 0.0515625
2 0.5046875 0.771875 0.109375 0.065625
2 0.5890625 0.66484375 0.065625 0.025
2 0.42734375 0.75078125 0.0875 0.0625
2 0.475 0.68828125 0.0953125 0.03125
2 0.39453125 0.77890625 0.10625 0.065625
2 0.66484375 0.615625 0.0828125 0.05625
2 0.3484375 0.80234375 0.090625 0.040625
2 0.21328125 0.68828125 0.2578125 0.0796875
2 0.578125 0.70625 0.0875 0.034375
2 0.16015625 0.59453125 0.190625 0.096875
2 0.76796875 0.3453125 0.2 0.128125
2 0.4734375 0.55 0.646875 0.4234375
2 0.746875 0.53125 0.23125 0.209375