0 0.67109375 0.515625 0.29375 0.2515625
0 0.5109375 0.25078125 0.2515625 0.371875
0 0.6765625 0.34453125 0.134375 0.175
1 0.41484375 0.81796875 0.121875 0.0625
1 0.4375 0.52109375 0.09375 0.05
1 0.47890625 0.56796875 0.0859375 0.1
1 0.50078125 0.6625 0.0890625 0.075
1 0.3796875 0.6578125 0.178125 0.059375
1 0.34375 0.70078125 0.11875 0.0625
1 0.28203125 0.75859375 0.16875 0.05
1 0.240625 0.86484375 0.071875 0.1078125
1 0.2 0.7234375 0.1484375 0.0515625
1 0.2609375 0.68984375 0.171875 0.090625
1 0.26953125 0.53984375 0.184375 0.040625
1 0.2125 0.515625 0.046875 0.05625
1 0.26484375 0.5671875 0.2234375 0.178125
1 0.3484375 0.49453125 0.06875 0.0703125
1 0.34140625 0.51640625 0.078125 0.1
1 0.72421875 0.675 0.0859375 0.046875
1 0.328125 0.13203125 0.065625 0.11875
1 0.09140625 0.75546875 0.1078125 0.053125