0 0.56953125 0.19375 0.240625 0.18984375
0 0.23046875 0.4765625 0.38046875 0.52578125
1 0.4921875 0.90625 0.21796875 0.18359375
0 0.54765625 0.1046875 0.6875 0.20859375
0 0.8890625 0.7859375 0.0875 0.13359375
0 0.375 0.10546875 0.35625 0.2109375
0 0.2234375 0.28515625 0.2765625 0.11796875
0 0.521875 0.57578125 0.34140625 0.1234375
0 0.67734375 0.80546875 0.06796875 0.2390625
0 0.7796875 0.771875 0.09921875 0.12890625
0 0.853125 0.63515625 0.24765625 0.1078125
0 0.61171875 0.678125 0.2328125 0.20078125
0 0.7796875 0.51171875 0.21953125 0.2140625
0 0.909375 0.36640625 0.18125 0.21015625
0 0.75078125 0.44140625 0.13671875 0.21015625
0 0.5984375 0.45859375 0.19140625 0.125