2 0.42890625 0.78046875 0.11875 0.228125
2 0.53125 0.38515625 0.0375 0.1375
2 0.46484375 0.41640625 0.16875 0.18125
2 0.23515625 0.58828125 0.05625 0.134375
2 0.73203125 0.42109375 0.040625 0.0859375
2 0.5203125 0.79375 0.0875 0.18125
2 0.50703125 0.2609375 0.046875 0.071875
2 0.284375 0.225 0.0578125 0.0640625
2 0.17109375 0.28984375 0.175 0.109375
2 0.45546875 0.109375 0.0625 0.21875
2 0.603125 0.28984375 0.03125 0.1125
2 0.77734375 0.3609375 0.0671875 0.059375
2 0.2703125 0.0984375 0.2 0.078125
2 0.76796875 0.2953125 0.05625 0.0625
2 0.29921875 0.896875 0.03125 0.040625
2 0.34375 0.1015625 0.096875 0.203125
2 0.11953125 0.1703125 0.0359375 0.084375
2 0.196875 0.22109375 0.025 0.059375
2 0.10390625 0.77421875 0.14375 0.1890625
2 0.753125 0.4859375 0.05625 0.090625
2 0.03828125 0.88828125 0.06875 0.0703125
2 0.61796875 0.5546875 0.1515625 0.05
2 0.728125 0.2625 0.05 0.125
2 0.2765625 0.70546875 0.075 0.05
2 0.2203125 0.6640625 0.0390625 0.1
2 0.79296875 0.5296875 0.06875 0.03125
2 0.91328125 0.20234375 0.05625 0.0875
2 0.09609375 0.4734375 0.140625 0.084375
2 0.08203125 0.56171875 0.034375 0.05625
2 0.08828125 0.86015625 0.0359375 0.05625
2 0.3703125 0.15703125 0.03125 0.0875
2 0.209375 0.0265625 0.034375 0.053125
2 0.36953125 0.9234375 0.0578125 0.0921875
2 0.5078125 0.459375 0.053125 0.0765625
2 0.2671875 0.94609375 0.04375 0.05
2 0.3625 0.48515625 0.1515625 0.053125
2 0.565625 0.58359375 0.065625 0.01875
2 0.75625 0.1640625 0.071875 0.1
2 0.234375 0.8875 0.06875 0.04375
2 0.08046875 0.36796875 0.1375 0.0625
2 0.0796875 0.91875 0.0765625 0.025
2 0.3296875 0.5375 0.1 0.04375
2 0.0203125 0.95703125 0.040625 0.0703125
2 0.5484375 0.925 0.0625 0.0328125
2 0.06484375 0.6453125 0.084375 0.05
2 0.565625 0.3109375 0.0734375 0.159375
2 0.48828125 0.6203125 0.196875 0.15
2 0.6015625 0.4328125 0.0890625 0.128125
2 0.3859375 0.3859375 0.134375 0.121875
2 0.29140625 0.58125 0.109375 0.1671875
2 0.74609375 0.3203125 0.0796875 0.40625