0 0.47421875 0.240625 0.090625 0.16875
0 0.55390625 0.371875 0.065625 0.215625
3 0.6953125 0.32421875 0.221875 0.234375
0 0.42109375 0.70234375 0.4046875 0.1578125
0 0.2765625 0.3640625 0.0859375 0.1390625
0 0.35234375 0.2140625 0.071875 0.103125
0 0.25078125 0.25546875 0.084375 0.115625
0 0.35078125 0.3859375 0.06875 0.1125
0 0.409375 0.3140625 0.0890625 0.1328125
0 0.33046875 0.3015625 0.071875 0.103125
0 0.69609375 0.4859375 0.25 0.246875
3 0.1140625 0.39609375 0.225 0.265625
0 0.94921875 0.4359375 0.096875 0.0453125
0 0.88984375 0.42890625 0.0546875 0.0375
0 0.8546875 0.4171875 0.0375 0.028125