0 0.4875 0.83671875 0.0640625 0.11875
0 0.5875 0.76640625 0.2 0.0546875
0 0.45234375 0.84921875 0.078125 0.10625
0 0.43515625 0.89921875 0.0875 0.0890625
0 0.36796875 0.878125 0.0875 0.140625
0 0.41015625 0.946875 0.125 0.10625
0 0.6 0.98203125 0.20625 0.0359375
0 0.484375 0.6421875 0.13125 0.1015625
0 0.4921875 0.8703125 0.021875 0.1125
0 0.50859375 0.85390625 0.01875 0.090625
0 0.3 0.8 0.090625 0.16875
0 0.42734375 0.5828125 0.1328125 0.1640625
0 0.296875 0.275 0.065625 0.04375
0 0.36875 0.83203125 0.05 0.0890625
0 0.31328125 0.70078125 0.0515625 0.08125
0 0.34375 0.9390625 0.075 0.121875
0 0.40390625 0.7328125 0.03125 0.125
0 0.5140625 0.04296875 0.05 0.078125
0 0.38125 0.471875 0.128125 0.14375
0 0.2625 0.60625 0.071875 0.1375
0 0.303125 0.7390625 0.0734375 0.2140625
0 0.5296875 0.940625 0.1046875 0.015625
0 0.28203125 0.428125 0.04375 0.2
0 0.3140625 0.084375 0.125 0.16875
0 0.47109375 0.046875 0.0671875 0.08125
0 0.50625 0.5609375 0.053125 0.0828125
0 0.35546875 0.340625 0.071875 0.1609375
0 0.3140625 0.23984375 0.128125 0.1234375
0 0.3359375 0.634375 0.071875 0.2015625