0 0.7953125 0.55390625 0.29765625 0.340625
0 0.58046875 0.39296875 0.396875 0.334375
0 0.5828125 0.6390625 0.28359375 0.19453125
0 0.0953125 0.66875 0.1828125 0.1390625
0 0.2234375 0.4953125 0.18046875 0.10546875
0 0.340625 0.54140625 0.11875 0.121875
0 0.21484375 0.57109375 0.1078125 0.10078125
0 0.3640625 0.41953125 0.1390625 0.08046875
0 0.75703125 0.24765625 0.0625 0.10703125
0 0.9453125 0.46875 0.1 0.1140625
0 0.93671875 0.42421875 0.08984375 0.09140625
0 0.82890625 0.375 0.1046875 0.08046875
0 0.42890625 0.69296875 0.11796875 0.1140625