0 0.62265625 0.54296875 0.275 0.1296875
0 0.6484375 0.40390625 0.090625 0.16875
0 0.5578125 0.69453125 0.125 0.103125
0 0.77578125 0.79453125 0.1625 0.096875
0 0.92890625 0.5921875 0.109375 0.04375
0 0.87421875 0.71484375 0.08125 0.190625
0 0.6375 0.32578125 0.2625 0.040625
0 0.72265625 0.3859375 0.0890625 0.128125
0 0.68828125 0.63203125 0.1640625 0.059375
0 0.36875 0.69296875 0.3671875 0.0875
0 0.4140625 0.58515625 0.421875 0.171875
0 0.134375 0.559375 0.128125 0.0625
1 0.425 0.13125 0.0625 0.078125
1 0.4 0.2125 0.0328125 0.0375