0 0.23203125 0.48046875 0.2078125 0.215625
0 0.16328125 0.55859375 0.228125 0.146875
0 0.35546875 0.45234375 0.09375 0.2140625
0 0.35859375 0.6265625 0.1484375 0.096875
0 0.7375 0.4796875 0.1375 0.175
0 0.334375 0.54140625 0.1140625 0.1125
1 0.5234375 0.22578125 0.0484375 0.05625
1 0.2015625 0.34765625 0.103125 0.2375
1 0.1203125 0.4203125 0.1375 0.11875
1 0.3015625 0.1953125 0.0859375 0.1703125
1 0.43046875 0.175 0.2171875 0.221875
1 0.271875 0.221875 0.1640625 0.428125
1 0.26640625 0.33515625 0.05625 0.20625
0 0.83203125 0.46953125 0.20625 0.184375
0 0.62890625 0.34296875 0.215625 0.178125
0 0.428125 0.6734375 0.090625 0.146875
0 0.1 0.70859375 0.1234375 0.184375
0 0.70234375 0.33203125 0.0734375 0.159375
0 0.12578125 0.290625 0.059375 0.525
0 0.26640625 0.596875 0.109375 0.06875
0 0.3640625 0.33515625 0.0515625 0.146875
0 0.2375 0.709375 0.19375 0.18125
0 0.10546875 0.21171875 0.2109375 0.3796875
0 0.26875 0.471875 0.096875 0.0859375
0 0.60234375 0.5953125 0.153125 0.3078125
0 0.43125 0.55234375 0.10625 0.1375
0 0.2171875 0.7984375 0.11875 0.1640625
0 0.7953125 0.61015625 0.13125 0.1328125
0 0.29765625 0.7125 0.084375 0.13125
0 0.60390625 0.68828125 0.2609375 0.38125
0 0.3125 0.35625 0.0734375 0.184375
0 0.2484375 0.834375 0.0796875 0.021875
0 0.38046875 0.67734375 0.090625 0.090625
0 0.675 0.2484375 0.065625 0.04375
0 0.46796875 0.61796875 0.0328125 0.0421875
0 0.35390625 0.7375 0.05625 0.121875
0 0.5046875 0.42265625 0.075 0.134375
0 0.784375 0.3 0.10625 0.0375
0 0.65234375 0.51640625 0.0921875 0.109375
0 0.9625 0.4296875 0.075 0.103125
0 0.465625 0.73359375 0.1046875 0.259375
0 0.51328125 0.85625 0.0671875 0.0140625
0 0.10703125 0.740625 0.0609375 0.51875
0 0.94140625 0.603125 0.1171875 0.334375
0 0.27890625 0.7875 0.053125 0.075