0 0.8 0.63828125 0.15625 0.0953125
0 0.0953125 0.41328125 0.1171875 0.0828125
0 0.6828125 0.6828125 0.16875 0.084375
0 0.43359375 0.71015625 0.13125 0.053125
0 0.52109375 0.5046875 0.4125 0.221875
0 0.30546875 0.6921875 0.16875 0.0625
0 0.32265625 0.5875 0.13125 0.0640625
0 0.9140625 0.58671875 0.171875 0.1109375
0 0.14921875 0.5671875 0.175 0.078125
0 0.1328125 0.6203125 0.125 0.0484375
0 0.13203125 0.675 0.121875 0.053125
0 0.28359375 0.7234375 0.15 0.0375
0 0.3875 0.55625 0.053125 0.05
0 0.640625 0.54453125 0.09375 0.09375
0 0.978125 0.6140625 0.0375 0.05
0 0.5953125 0.46953125 0.0953125 0.0765625
0 0.440625 0.6359375 0.08125 0.034375
0 0.94609375 0.4265625 0.10625 0.1328125
0 0.97734375 0.50078125 0.04375 0.0171875
0 0.94609375 0.615625 0.0375 0.0515625
0 0.36171875 0.6328125 0.084375 0.0359375
0 0.6578125 0.61953125 0.4265625 0.2234375
0 0.3421875 0.38671875 0.515625 0.03125
0 0.2859375 0.6703125 0.21875 0.1046875