2 0.3125 0.6234375 0.175 0.325
2 0.453125 0.46796875 0.115625 0.228125
2 0.534375 0.80390625 0.634375 0.3875
2 0.7984375 0.8875 0.28125 0.2140625
2 0.9015625 0.475 0.1375 0.34375
2 0.73203125 0.375 0.121875 0.265625
2 0.7671875 0.65390625 0.1625 0.25
2 0.53515625 0.20234375 0.1 0.221875
2 0.39296875 0.17109375 0.184375 0.315625
2 0.35078125 0.38046875 0.1203125 0.1875
2 0.4953125 0.35859375 0.1125 0.1640625
2 0.95625 0.1140625 0.075 0.1671875
2 0.94140625 0.66640625 0.103125 0.153125
2 0.86953125 0.1515625 0.103125 0.209375