2 0.4296875 0.4859375 0.053125 0.04375
2 0.66953125 0.4359375 0.06875 0.03125
2 0.4625 0.62578125 0.040625 0.028125
2 0.50078125 0.421875 0.06875 0.05
2 0.5125 0.625 0.05625 0.0375
2 0.575 0.66953125 0.075 0.0515625
2 0.45078125 0.284375 0.0375 0.0234375
2 0.51015625 0.5796875 0.075 0.0375
2 0.5125 0.50859375 0.075 0.028125
2 0.44609375 0.325 0.034375 0.0375
2 0.42265625 0.034375 0.053125 0.05
2 0.609375 0.54765625 0.0640625 0.053125
2 0.53359375 0.5484375 0.0875 0.034375
2 0.58984375 0.790625 0.06875 0.04375
2 0.60234375 0.06796875 0.040625 0.065625
2 0.61171875 0.37734375 0.0734375 0.0328125
2 0.51171875 0.7578125 0.065625 0.0296875
2 0.6984375 0.7234375 0.065625 0.05
2 0.68984375 0.6625 0.0546875 0.05625
2 0.47421875 0.3796875 0.05625 0.05
2 0.45390625 0.24296875 0.046875 0.059375
2 0.6421875 0.85625 0.04375 0.028125
2 0.59453125 0.14765625 0.146875 0.021875
2 0.4171875 0.31484375 0.028125 0.0265625
2 0.52265625 0.78671875 0.0546875 0.034375
2 0.42890625 0.2234375 0.025 0.046875
2 0.4890625 0.32734375 0.053125 0.028125
2 0.69140625 0.78046875 0.046875 0.034375
2 0.41640625 0.39765625 0.053125 0.0359375
2 0.503125 0.7 0.059375 0.0234375
2 0.45703125 0.42109375 0.0453125 0.040625
2 0.534375 0.0875 0.046875 0.0484375
2 0.5828125 0.2640625 0.053125 0.0484375
2 0.396875 0.14453125 0.03125 0.0265625
2 0.66796875 0.40859375 0.0703125 0.053125
2 0.5 0.6796875 0.05 0.025
2 0.6359375 0.68828125 0.05 0.0375
2 0.45546875 0.51171875 0.0375 0.03125
2 0.53203125 0.45625 0.065625 0.0390625
2 0.5609375 0.8125 0.0375 0.03125
2 0.48515625 0.28203125 0.0375 0.0546875
2 0.39296875 0.51640625 0.0640625 0.046875
2 0.38828125 0.09609375 0.040625 0.05
2 0.47109375 0.53046875 0.0421875 0.025
2 0.728125 0.76875 0.05625 0.034375
2 0.578125 0.7109375 0.05 0.0375
2 0.59765625 0.47109375 0.0640625 0.0453125
2 0.559375 0.3171875 0.0421875 0.0421875
2 0.646875 0.771875 0.034375 0.040625
2 0.703125 0.87421875 0.0546875 0.04375
2 0.6328125 0.225 0.065625 0.04375
2 0.421875 0.12421875 0.025 0.0375
2 0.41640625 0.6609375 0.0359375 0.0296875
2 0.415625 0.6890625 0.025 0.028125
2 0.55625 0.384375 0.0484375 0.046875
2 0.4375 0.16328125 0.01875 0.040625
2 0.6328125 0.271875 0.05625 0.046875
2 0.41796875 0.6296875 0.028125 0.025
2 0.57265625 0.82890625 0.0359375 0.01875
2 0.53984375 0.159375 0.04375 0.0578125
2 0.49140625 0.21171875 0.05625 0.025
2 0.54765625 0.28203125 0.059375 0.0390625
2 0.44921875 0.5921875 0.04375 0.040625
2 0.60703125 0.86015625 0.025 0.01875
2 0.496875 0.47265625 0.05625 0.040625
2 0.46796875 0.0734375 0.0375 0.0375
2 0.7140625 0.50625 0.046875 0.040625
2 0.615625 0.8203125 0.059375 0.0375
2 0.490625 0.025 0.0453125 0.028125
2 0.71640625 0.8296875 0.0578125 0.028125
2 0.75 0.11484375 0.040625 0.071875
2 0.57890625 0.11796875 0.059375 0.04375
2 0.54375 0.0203125 0.0484375 0.0359375
2 0.41796875 0.1984375 0.021875 0.0453125
2 0.709375 0.221875 0.0890625 0.053125
2 0.55078125 0.053125 0.05 0.034375
2 0.503125 0.71484375 0.05 0.015625
2 0.4578125 0.14296875 0.0296875 0.05625
2 0.6875 0.5453125 0.0375 0.05625
2 0.5640625 0.2078125 0.059375 0.028125
2 0.48984375 0.1171875 0.034375 0.053125
2 0.4578125 0.696875 0.034375 0.0375
2 0.60625 0.31484375 0.04375 0.04375
2 0.7140625 0.04375 0.06875 0.05
2 0.68046875 0.9 0.053125 0.0421875
2 0.7390625 0.16953125 0.06875 0.0375
2 0.65625 0.11640625 0.071875 0.021875
2 0.62890625 0.01171875 0.065625 0.0234375
2 0.721875 0.465625 0.05625 0.0609375
2 0.64140625 0.30234375 0.046875 0.028125
2 0.50546875 0.1734375 0.03125 0.025
2 0.6921875 0.94921875 0.0203125 0.0125
2 0.7203125 0.6 0.0484375 0.05625
2 0.3953125 0.23125 0.0265625 0.021875
2 0.6328125 0.13125 0.034375 0.0375
2 0.64453125 0.19296875 0.06875 0.053125
2 0.52734375 0.1859375 0.028125 0.025
2 0.6734375 0.7640625 0.0296875 0.040625
2 0.76953125 0.03203125 0.1109375 0.0625
2 0.478125 0.16015625 0.0296875 0.03125
2 0.6625 0.078125 0.08125 0.03125
2 0.6375 0.94765625 0.01875 0.01875
2 0.76328125 0.8296875 0.040625 0.0515625
2 0.471875 0.7375 0.0328125 0.0390625
2 0.3859375 0.11796875 0.04375 0.028125
2 0.7046875 0.12734375 0.059375 0.015625
2 0.7984375 0.284375 0.025 0.0921875
2 0.7046875 0.7515625 0.028125 0.03125
2 0.79609375 0.33984375 0.01875 0.046875
2 0.66484375 0.340625 0.065625 0.0453125
2 0.790625 0.66484375 0.053125 0.0625
2 0.79921875 0.609375 0.046875 0.0359375
2 0.6171875 0.634375 0.06875 0.059375
2 0.5078125 0.05234375 0.078125 0.046875
2 0.4296875 0.5765625 0.0578125 0.0671875
2 0.70234375 0.809375 0.096875 0.0484375
2 0.66640625 0.58515625 0.0828125 0.034375
2 0.59296875 0.58515625 0.059375 0.0390625
2 0.58359375 0.51015625 0.0625 0.0328125
2 0.65703125 0.5046875 0.046875 0.0375
2 0.4203125 0.35390625 0.040625 0.040625
2 0.69140625 0.28984375 0.065625 0.05