2 0.82578125 0.55546875 0.084375 0.05625
2 0.68828125 0.20546875 0.0546875 0.05625
2 0.71015625 0.59296875 0.10625 0.0375
2 0.73671875 0.459375 0.075 0.05625
2 0.675 0.625 0.0265625 0.075
2 0.69140625 0.73359375 0.021875 0.075
2 0.67109375 0.78359375 0.025 0.0625
2 0.7328125 0.50625 0.0796875 0.053125
2 0.5296875 0.33828125 0.0421875 0.1015625
2 0.52421875 0.58671875 0.05625 0.05625
2 0.490625 0.17421875 0.01875 0.0640625
2 0.7015625 0.865625 0.05625 0.0484375
2 0.72265625 0.96796875 0.04375 0.0625
2 0.578125 0.6921875 0.0625 0.059375
2 0.50625 0.22734375 0.03125 0.053125
2 0.5453125 0.63359375 0.0875 0.08125
2 0.78984375 0.9484375 0.109375 0.0828125
2 0.54296875 0.7109375 0.0671875 0.05
2 0.85546875 0.725 0.05625 0.1046875
2 0.7 0.478125 0.034375 0.0515625
2 0.465625 0.33046875 0.0484375 0.1
2 0.6671875 0.3953125 0.03125 0.046875
2 0.6390625 0.55546875 0.0609375 0.046875
2 0.74375 0.90859375 0.1421875 0.0609375
2 0.596875 0.7546875 0.075 0.078125
2 0.5828125 0.8703125 0.021875 0.04375
2 0.790625 0.590625 0.0625 0.078125
2 0.4546875 0.36640625 0.0359375 0.0859375
2 0.8046875 0.14609375 0.053125 0.025
2 0.3234375 0.0625 0.05625 0.096875
2 0.68984375 0.534375 0.0390625 0.0578125
2 0.71953125 0.1796875 0.01875 0.096875
2 0.346875 0.14140625 0.09375 0.121875
2 0.6453125 0.4234375 0.228125 0.046875
2 0.44609375 0.565625 0.053125 0.053125
2 0.63671875 0.85234375 0.08125 0.1
2 0.5484375 0.8484375 0.0515625 0.0671875
2 0.575 0.98515625 0.053125 0.028125
2 0.56953125 0.91953125 0.046875 0.065625
2 0.4609375 0.9421875 0.0296875 0.0265625
2 0.421875 0.43671875 0.04375 0.040625
2 0.44609375 0.3171875 0.0421875 0.040625
2 0.35703125 0.2296875 0.071875 0.0703125
2 0.30234375 0.196875 0.0546875 0.059375
2 0.44453125 0.178125 0.0734375 0.059375
2 0.4078125 0.2171875 0.0484375 0.05
2 0.453125 0.25859375 0.0515625 0.053125
2 0.46328125 0.21953125 0.053125 0.071875
2 0.5671875 0.36484375 0.0453125 0.05
2 0.484375 0.4140625 0.078125 0.059375
2 0.6640625 0.35390625 0.11875 0.0796875
2 0.66640625 0.4578125 0.040625 0.05
2 0.5453125 0.2828125 0.0640625 0.046875