0 0.51640625 0.38671875 0.0796875 0.053125
0 0.4984375 0.178125 0.071875 0.109375
0 0.5 0.30234375 0.1078125 0.128125
0 0.5484375 0.2234375 0.103125 0.1453125
0 0.53984375 0.91953125 0.075 0.1609375
0 0.603125 0.79921875 0.0671875 0.2
0 0.5234375 0.7109375 0.096875 0.13125
0 0.45703125 0.73125 0.040625 0.0453125
0 0.42734375 0.68671875 0.109375 0.028125
0 0.4734375 0.61796875 0.125 0.03125
0 0.45078125 0.15234375 0.01875 0.025
0 0.6015625 0.95625 0.071875 0.0875
0 0.45859375 0.77421875 0.0703125 0.040625
0 0.5234375 0.6609375 0.09375 0.0515625
0 0.509375 0.96640625 0.025 0.0671875
0 0.5578125 0.3671875 0.065625 0.09375
0 0.4390625 0.07265625 0.046875 0.034375
0 0.53359375 0.80078125 0.0703125 0.065625