2 0.55390625 0.5859375 0.1046875 0.078125
2 0.15 0.35390625 0.0703125 0.0671875
2 0.4046875 0.6640625 0.0734375 0.046875
2 0.671875 0.5984375 0.0796875 0.0515625
2 0.240625 0.43671875 0.0453125 0.05
2 0.4890625 0.74765625 0.13125 0.0796875
2 0.10078125 0.82734375 0.196875 0.109375
2 0.87578125 0.4 0.0578125 0.03125
2 0.76875 0.70234375 0.05 0.0140625
2 0.0953125 0.5671875 0.11875 0.06875
2 0.634375 0.8390625 0.128125 0.1125
2 0.2671875 0.68046875 0.06875 0.021875
2 0.82890625 0.746875 0.0578125 0.034375
2 0.74296875 0.60234375 0.13125 0.1609375
2 0.52421875 0.8171875 0.1 0.05625
2 0.52109375 0.86953125 0.1171875 0.0359375
2 0.3390625 0.80078125 0.1578125 0.059375
2 0.80234375 0.8375 0.184375 0.071875
2 0.0703125 0.4875 0.05 0.0828125
2 0.1859375 0.10625 0.075 0.0421875
2 0.12421875 0.2484375 0.1 0.071875
2 0.384375 0.5734375 0.10625 0.15625
2 0.79921875 0.1390625 0.10625 0.06875
2 0.41171875 0.86640625 0.140625 0.03125
2 0.90859375 0.6109375 0.153125 0.1203125
2 0.21875 0.85625 0.209375 0.05
2 0.63203125 0.33515625 0.071875 0.11875
2 0.73984375 0.89921875 0.0734375 0.0875
2 0.40703125 0.1296875 0.053125 0.015625
2 0.93046875 0.37890625 0.1265625 0.18125
2 0.12109375 0.16953125 0.090625 0.0734375
2 0.08671875 0.10546875 0.0625 0.04375
2 0.85390625 0.3203125 0.0671875 0.01875
2 0.2078125 0.23046875 0.04375 0.0953125
1 0.0296875 0.290625 0.04375 0.0421875
2 0.50390625 0.5296875 0.0625 0.13125
2 0.2515625 0.12265625 0.178125 0.0765625
2 0.0265625 0.24609375 0.053125 0.034375
2 0.49453125 0.89296875 0.13125 0.0171875
2 0.96640625 0.68203125 0.0625 0.040625
2 0.21875 0.50859375 0.034375 0.08125
2 0.85625 0.2703125 0.009375 0.0578125
2 0.07109375 0.26484375 0.05625 0.09375
2 0.58359375 0.26328125 0.0390625 0.034375
2 0.8796875 0.5203125 0.01875 0.06875
2 0.94765625 0.8609375 0.1046875 0.125
2 0.05 0.740625 0.065625 0.034375
2 0.759375 0.66953125 0.071875 0.0703125
2 0.2484375 0.70390625 0.134375 0.11875
2 0.3921875 0.70703125 0.140625 0.1421875
2 0.35625 0.4484375 0.134375 0.184375
2 0.6796875 0.71875 0.1265625 0.09375