2 0.4921875 0.628125 0.2015625 0.359375
2 0.6171875 0.346875 0.1671875 0.1875
2 0.68984375 0.12421875 0.228125 0.2484375
2 0.4578125 0.25 0.2265625 0.08125
2 0.50234375 0.34140625 0.084375 0.0421875
2 0.47578125 0.37734375 0.03125 0.0875
2 0.38671875 0.57109375 0.0921875 0.19375
2 0.74375 0.46640625 0.1453125 0.16875
2 0.79765625 0.9328125 0.053125 0.134375
2 0.975 0.57265625 0.0296875 0.0640625
2 0.2828125 0.65390625 0.0984375 0.05625
2 0.884375 0.74921875 0.028125 0.075
2 0.690625 0.74375 0.153125 0.096875
2 0.89921875 0.6515625 0.03125 0.05625
1 0.9859375 0.0671875 0.028125 0.0421875
2 0.4625 0.48359375 0.09375 0.053125
2 0.43984375 0.41484375 0.0484375 0.05625
2 0.671875 0.95234375 0.0875 0.0953125
2 0.909375 0.70390625 0.03125 0.034375
2 0.76015625 0.034375 0.05625 0.065625
2 0.35546875 0.2625 0.10625 0.1125
2 0.72734375 0.90546875 0.0625 0.06875
2 0.94375 0.46171875 0.10625 0.121875
2 0.665625 0.56171875 0.1390625 0.19375
2 0.8140625 0.659375 0.053125 0.0671875
2 0.76953125 0.61796875 0.053125 0.028125
2 0.51328125 0.39453125 0.053125 0.0671875
2 0.81171875 0.81015625 0.0765625 0.0703125
2 0.3671875 0.66328125 0.096875 0.1875