2 0.47421875 0.52421875 0.08828125 0.26796875
2 0.35625 0.53046875 0.084375 0.053125
2 0.10859375 0.59375 0.04609375 0.36015625
2 0.06875 0.6671875 0.1078125 0.21015625
2 0.07890625 0.55703125 0.115625 0.3078125
2 0.14765625 0.528125 0.0375 0.309375
2 0.1875 0.4390625 0.0765625 0.196875
2 0.359375 0.42578125 0.13515625 0.12421875
2 0.3078125 0.3796875 0.1265625 0.10390625
2 0.33203125 0.2421875 0.19453125 0.07421875
2 0.40625 0.184375 0.14765625 0.07109375
2 0.553125 0.39296875 0.17578125 0.10078125
2 0.76484375 0.33515625 0.14765625 0.15078125
2 0.81953125 0.42890625 0.1640625 0.16015625
2 0.8109375 0.50546875 0.1265625 0.1203125
2 0.71484375 0.5203125 0.103125 0.2
2 0.84296875 0.56171875 0.13984375 0.14375
2 0.90625 0.55234375 0.13984375 0.06640625
2 0.93359375 0.40390625 0.121875 0.028125
2 0.596875 0.25703125 0.09765625 0.20703125
2 0.41953125 0.346875 0.08046875 0.01640625
2 0.5265625 0.3125 0.0953125 0.04609375
2 0.434375 0.3109375 0.084375 0.053125
2 0.46015625 0.2515625 0.096875 0.07578125
2 0.53125 0.23984375 0.090625 0.06640625
2 0.18515625 0.684375 0.08671875 0.1421875
2 0.37734375 0.6625 0.06796875 0.0875
2 0.29375 0.5921875 0.13671875 0.10234375
2 0.29765625 0.4953125 0.0796875 0.08125
2 0.25 0.48046875 0.06796875 0.06484375
2 0.58359375 0.5765625 0.11796875 0.03828125
2 0.56328125 0.471875 0.11015625 0.090625