1 0.490625 0.46484375 0.1453125 0.165625
1 0.2890625 0.521875 0.2328125 0.1203125
1 0.46328125 0.5921875 0.109375 0.109375
1 0.490625 0.46484375 0.1453125 0.165625
1 0.2890625 0.521875 0.2328125 0.1203125
1 0.46328125 0.5921875 0.109375 0.109375
1 0.6109375 0.84296875 0.09375 0.121875
1 0.66640625 0.7484375 0.0625 0.046875
1 0.6328125 0.71640625 0.03125 0.0375
1 0.59765625 0.78125 0.0515625 0.0609375
1 0.53125 0.77578125 0.034375 0.046875
1 0.48125 0.7421875 0.0328125 0.0125
1 0.70546875 0.334375 0.04375 0.05
1 0.65859375 0.24921875 0.04375 0.0734375
1 0.72109375 0.19609375 0.05 0.075
1 0.7890625 0.06640625 0.046875 0.05625
1 0.63828125 0.08515625 0.05 0.040625
1 0.628125 0.13828125 0.0125 0.053125
1 0.6125 0.18203125 0.0515625 0.0859375
1 0.55078125 0.25390625 0.16875 0.096875
1 0.559375 0.1984375 0.025 0.0359375
1 0.70234375 0.24765625 0.0296875 0.0296875
1 0.8390625 0.71328125 0.028125 0.05
1 0.73359375 0.51171875 0.125 0.1625
1 0.68828125 0.58515625 0.125 0.1625
1 0.634375 0.60625 0.040625 0.03125
1 0.590625 0.6453125 0.165625 0.146875
1 0.58046875 0.7234375 0.040625 0.040625
1 0.48359375 0.6875 0.084375 0.1
1 0.4234375 0.6734375 0.0328125 0.059375
1 0.375 0.61640625 0.04375 0.053125
1 0.2375 0.38984375 0.065625 0.0296875
1 0.24453125 0.43046875 0.04375 0.053125
1 0.23359375 0.28671875 0.06875 0.0421875
1 0.24609375 0.3609375 0.0375 0.01875
1 0.21484375 0.5875 0.046875 0.0359375
1 0.38125 0.73203125 0.025 0.05
1 0.64140625 0.334375 0.05625 0.053125
1 0.6203125 0.440625 0.128125 0.1125
1 0.60625 0.54453125 0.04375 0.0609375
1 0.56484375 0.3828125 0.103125 0.040625