0 0.16015625 0.7265625 0.2234375 0.1234375
0 0.1859375 0.625 0.153125 0.171875
0 0.453125 0.50078125 0.125 0.11875
0 0.43984375 0.378125 0.096875 0.115625
0 0.6359375 0.2578125 0.1640625 0.2078125
0 0.384375 0.94296875 0.0484375 0.103125
0 0.4609375 0.896875 0.2671875 0.15625
0 0.525 0.75703125 0.3734375 0.171875
0 0.7796875 0.4390625 0.215625 0.215625
0 0.5421875 0.63515625 0.421875 0.1484375
0 0.278125 0.540625 0.140625 0.0859375
0 0.6890625 0.0578125 0.25625 0.10625
0 0.60703125 0.4671875 0.1953125 0.2203125
0 0.2421875 0.796875 0.134375 0.1109375
0 0.46484375 0.22421875 0.13125 0.0453125
0 0.47265625 0.16875 0.140625 0.05
0 0.5234375 0.12890625 0.15 0.065625
0 0.440625 0.11640625 0.059375 0.040625
0 0.31796875 0.68046875 0.06875 0.075
0 0.29375 0.6234375 0.121875 0.0890625
0 0.86796875 0.5625 0.1875 0.2359375
0 0.328125 0.428125 0.15625 0.075
0 0.3671875 0.384375 0.125 0.078125
0 0.39140625 0.29765625 0.29375 0.0546875
0 0.259375 0.475 0.153125 0.1125