0 0.8 0.36171875 0.15625 0.09375
0 0.0953125 0.58671875 0.1171875 0.0828125
0 0.6828125 0.3171875 0.16875 0.084375
0 0.43359375 0.28984375 0.13125 0.053125
0 0.52109375 0.4953125 0.4125 0.221875
0 0.30546875 0.3078125 0.16875 0.0625
0 0.32265625 0.4125 0.13125 0.0640625
0 0.9140625 0.41328125 0.171875 0.1109375
0 0.14921875 0.4328125 0.175 0.078125
0 0.1328125 0.3796875 0.125 0.0484375
0 0.13203125 0.325 0.121875 0.053125
0 0.28359375 0.2765625 0.15 0.0375
0 0.3875 0.44375 0.053125 0.05
0 0.640625 0.45546875 0.09375 0.09375
0 0.978125 0.3859375 0.0375 0.05
0 0.5953125 0.53046875 0.0953125 0.0765625
0 0.440625 0.3640625 0.08125 0.034375
0 0.94609375 0.5734375 0.10625 0.1328125
0 0.97734375 0.49921875 0.04375 0.0171875
0 0.94609375 0.384375 0.0375 0.0515625
0 0.36171875 0.3671875 0.084375 0.0359375
0 0.6578125 0.38046875 0.4265625 0.2234375
0 0.3421875 0.61328125 0.515625 0.03125
0 0.2859375 0.3296875 0.21875 0.1046875