0 0.44140625 0.2328125 0.26875 0.175
0 0.4125 0.89609375 0.14375 0.20625
0 0.31796875 0.10390625 0.3734375 0.2078125
0 0.35859375 0.946875 0.0625 0.1
0 0.5546875 0.71796875 0.1140625 0.184375
0 0.45703125 0.70859375 0.1140625 0.1703125
0 0.740625 0.384375 0.06875 0.0609375
0 0.71484375 0.33515625 0.0171875 0.04375
0 0.73359375 0.478125 0.0640625 0.103125
0 0.5984375 0.5609375 0.0796875 0.13125
0 0.5578125 0.4453125 0.01875 0.128125
0 0.575 0.3328125 0.046875 0.034375
0 0.5890625 0.39765625 0.04375 0.040625
0 0.57421875 0.3640625 0.021875 0.028125
1 0.6625 0.37890625 0.021875 0.0671875