0 0.340625 0.909375 0.328125 0.18125
0 0.26953125 0.61484375 0.49375 0.45625
0 0.81953125 0.234375 0.2453125 0.4578125
0 0.61796875 0.8625 0.303125 0.275
0 0.63203125 0.528125 0.121875 0.378125
0 0.54765625 0.6359375 0.0796875 0.1984375
0 0.61640625 0.36171875 0.11875 0.2515625
0 0.7546875 0.49765625 0.203125 0.35
0 0.7984375 0.9109375 0.115625 0.171875
0 0.9484375 0.56328125 0.06875 0.178125
0 0.96328125 0.71953125 0.0734375 0.53125
0 0.9609375 0.42109375 0.071875 0.128125
0 0.425 0.33046875 0.040625 0.134375