2 0.52578125 0.52421875 0.0875 0.26875
2 0.64375 0.53046875 0.084375 0.053125
2 0.89140625 0.59375 0.046875 0.359375
2 0.93125 0.6671875 0.1078125 0.209375
2 0.92109375 0.55703125 0.115625 0.3078125
2 0.85234375 0.528125 0.0375 0.309375
2 0.8125 0.4390625 0.0765625 0.196875
2 0.640625 0.42578125 0.134375 0.125
2 0.6921875 0.3796875 0.1265625 0.103125
2 0.66796875 0.2421875 0.19375 0.075
2 0.59375 0.184375 0.146875 0.071875
2 0.446875 0.39296875 0.175 0.1
2 0.23515625 0.33515625 0.146875 0.15
2 0.18046875 0.42890625 0.1640625 0.159375
2 0.1890625 0.50546875 0.1265625 0.1203125
2 0.28515625 0.5203125 0.103125 0.2
2 0.15703125 0.56171875 0.140625 0.14375
2 0.09375 0.55234375 0.140625 0.065625
2 0.06640625 0.40390625 0.121875 0.028125
2 0.403125 0.25703125 0.096875 0.20625
2 0.58046875 0.346875 0.08125 0.015625
2 0.4734375 0.3125 0.0953125 0.046875
2 0.565625 0.3109375 0.084375 0.053125
2 0.53984375 0.2515625 0.096875 0.075
2 0.46875 0.23984375 0.090625 0.065625
2 0.81484375 0.684375 0.0875 0.1421875
2 0.62265625 0.6625 0.06875 0.0875
2 0.70625 0.5921875 0.1375 0.103125
2 0.70234375 0.4953125 0.0796875 0.08125
2 0.75 0.48046875 0.06875 0.065625
2 0.41640625 0.5765625 0.11875 0.0375
2 0.43671875 0.471875 0.109375 0.090625