1 0.4390625 0.6828125 0.19140625 0.1765625
1 0.21875 0.46875 0.196875 0.18515625
1 0.11875 0.33046875 0.146875 0.153125
1 0.19296875 0.6421875 0.18046875 0.196875
1 0.50546875 0.5796875 0.26953125 0.203125
1 0.81640625 0.5390625 0.271875 0.2046875
1 0.33515625 0.378125 0.13984375 0.10078125
1 0.06640625 0.70625 0.1328125 0.1390625
1 0.078125 0.55078125 0.15390625 0.18203125
1 0.31328125 0.64453125 0.078125 0.12578125
1 0.19375 0.3203125 0.084375 0.0875
1 0.921875 0.63359375 0.0609375 0.07578125
1 0.95703125 0.70703125 0.0859375 0.1328125
1 0.80078125 0.69375 0.18984375 0.1171875
1 0.68984375 0.715625 0.36796875 0.12578125
1 0.59609375 0.41484375 0.25546875 0.1921875
1 0.4375 0.36015625 0.11640625 0.09609375
1 0.3921875 0.47265625 0.1578125 0.165625