0 0.15625 0.38515625 0.309375 0.1546875
0 0.684375 0.27109375 0.2421875 0.146875
0 0.48515625 0.6171875 0.38125 0.34375
0 0.1625 0.72265625 0.31875 0.296875
0 0.409375 0.29296875 0.2421875 0.03125
0 0.409375 0.3484375 0.234375 0.090625
0 0.53203125 0.4265625 0.121875 0.0734375
0 0.2109375 0.32578125 0.1734375 0.0453125
0 0.77421875 0.60078125 0.375 0.209375
0 0.4171875 0.26796875 0.1171875 0.028125
0 0.69375 0.23046875 0.1140625 0.0328125
0 0.54375 0.24296875 0.0921875 0.0359375
0 0.896875 0.50078125 0.1390625 0.090625
0 0.23671875 0.5734375 0.178125 0.084375
0 0.3546875 0.3171875 0.140625 0.034375
0 0.91875 0.45 0.0859375 0.0484375
0 0.6 0.2296875 0.0734375 0.021875
0 0.79609375 0.4171875 0.10625 0.0546875
0 0.225 0.30625 0.121875 0.021875
0 0.6359375 0.478125 0.0828125 0.040625
0 0.928125 0.42421875 0.040625 0.021875
0 0.6875 0.20859375 0.0859375 0.015625
0 0.6625 0.42421875 0.159375 0.15625
0 0.8859375 0.39296875 0.08125 0.103125