0 0.375 0.18203125 0.21875 0.2203125
0 0.36953125 0.5140625 0.2765625 0.278125
0 0.44921875 0.88203125 0.265625 0.234375
0 0.5953125 0.065625 0.196875 0.13125
0 0.76015625 0.55 0.0625 0.15
0 0.39921875 0.69765625 0.315625 0.134375
0 0.5234375 0.51171875 0.109375 0.253125
0 0.584375 0.2609375 0.046875 0.084375
2 0.5484375 0.83359375 0.0921875 0.146875
0 0.6734375 0.7078125 0.05 0.209375
0 0.6484375 0.43125 0.034375 0.296875
0 0.43203125 0.053125 0.1765625 0.0796875
0 0.40234375 0.22109375 0.240625 0.334375
0 0.56953125 0.44375 0.1390625 0.334375
0 0.59453125 0.72265625 0.121875 0.14375
0 0.43515625 0.82734375 0.05 0.1765625
0 0.7921875 0.43359375 0.084375 0.1453125
0 0.3671875 0.80859375 0.15625 0.1109375