2 0.4046875 0.52265625 0.13125 0.184375
2 0.3484375 0.7296875 0.153125 0.16875
2 0.2578125 0.41484375 0.08125 0.171875
2 0.21328125 0.55625 0.128125 0.140625
2 0.41015625 0.26640625 0.05625 0.0359375
2 0.3734375 0.36015625 0.121875 0.078125
2 0.3453125 0.22109375 0.075 0.0890625
2 0.48984375 0.259375 0.05625 0.090625
2 0.34296875 0.3109375 0.0546875 0.0515625
2 0.53046875 0.05703125 0.0765625 0.0703125
2 0.34140625 0.80546875 0.046875 0.075
2 0.6421875 0.0328125 0.15625 0.0625
2 0.43046875 0.2890625 0.04375 0.028125
2 0.54140625 0.25859375 0.05 0.0734375
2 0.44921875 0.87265625 0.115625 0.1375
2 0.484375 0.3078125 0.053125 0.0375
2 0.4890625 0.1625 0.05625 0.071875
2 0.56328125 0.58203125 0.096875 0.090625
2 0.50078125 0.94609375 0.09375 0.1046875
2 0.4453125 0.221875 0.046875 0.0265625
2 0.61328125 0.73203125 0.1515625 0.1015625
2 0.21953125 0.9546875 0.05625 0.078125
2 0.52890625 0.309375 0.0375 0.0296875
2 0.4265625 0.0796875 0.05 0.078125
2 0.64609375 0.096875 0.071875 0.034375
2 0.39375 0.15390625 0.046875 0.084375
2 0.43515625 0.19453125 0.0375 0.021875
2 0.46484375 0.0609375 0.071875 0.1078125
2 0.5546875 0.103125 0.059375 0.028125
2 0.57109375 0.08046875 0.04375 0.03125
2 0.58828125 0.215625 0.090625 0.028125
2 0.58515625 0.27734375 0.0734375 0.034375
2 0.55625 0.47734375 0.1015625 0.0640625
2 0.27265625 0.59921875 0.0453125 0.0359375
2 0.57421875 0.9484375 0.1 0.0515625
2 0.58984375 0.41015625 0.1140625 0.078125
2 0.6203125 0.115625 0.034375 0.015625
2 0.28984375 0.2203125 0.03125 0.103125
2 0.43671875 0.134375 0.021875 0.01875
2 0.5625 0.3453125 0.08125 0.053125
2 0.43984375 0.16875 0.0265625 0.028125
2 0.3171875 0.5859375 0.025 0.0203125
2 0.509375 0.09296875 0.03125 0.028125
2 0.53515625 0.82265625 0.1265625 0.15625
3 0.159375 0.99296875 0.1 0.0140625
2 0.51875 0.28359375 0.0390625 0.03125
2 0.5625 0.64296875 0.028125 0.021875
2 0.51484375 0.57578125 0.0265625 0.025
2 0.6453125 0.5375 0.109375 0.165625
2 0.4765625 0.37734375 0.071875 0.075
2 0.40625 0.51640625 0.14375 0.18125
2 0.49765625 0.73046875 0.1484375 0.1375
2 0.3234375 0.2515625 0.1140625 0.14375