2 0.125 0.68515625 0.1 0.128125
2 0.42265625 0.15234375 0.203125 0.3046875
2 0.21484375 0.68359375 0.15 0.2859375
2 0.23125 0.37578125 0.1 0.190625
2 0.7078125 0.621875 0.09375 0.1359375
2 0.57265625 0.28984375 0.190625 0.1265625
2 0.6390625 0.16328125 0.096875 0.075
2 0.328125 0.41875 0.1828125 0.371875
2 0.40390625 0.1078125 0.1390625 0.215625
2 0.6625 0.625 0.0359375 0.225
2 0.24765625 0.90078125 0.1203125 0.1515625
2 0.52734375 0.4453125 0.16875 0.11875
2 0.1390625 0.8015625 0.1125 0.1015625
2 0.12890625 0.1890625 0.103125 0.15625
2 0.184375 0.9640625 0.0296875 0.05625
2 0.48359375 0.30390625 0.190625 0.3171875
2 0.59609375 0.0625 0.1203125 0.125