0 0.63828125 0.2 0.09375 0.15625
0 0.41328125 0.9046875 0.0828125 0.1171875
0 0.6828125 0.3171875 0.084375 0.16875
0 0.71015625 0.56640625 0.053125 0.13125
0 0.5046875 0.47890625 0.221875 0.4125
0 0.6921875 0.69453125 0.0625 0.16875
0 0.5875 0.67734375 0.0640625 0.13125
0 0.58671875 0.0859375 0.1109375 0.171875
0 0.5671875 0.85078125 0.078125 0.175
0 0.6203125 0.8671875 0.0484375 0.125
0 0.675 0.86796875 0.053125 0.121875
0 0.7234375 0.71640625 0.0375 0.15
0 0.55625 0.6125 0.05 0.053125
0 0.54453125 0.359375 0.09375 0.09375
0 0.6140625 0.021875 0.05 0.0375
0 0.46953125 0.4046875 0.0765625 0.0953125
0 0.6359375 0.559375 0.034375 0.08125
0 0.4265625 0.05390625 0.1328125 0.10625
0 0.50078125 0.02265625 0.0171875 0.04375
0 0.615625 0.05390625 0.0515625 0.0375
0 0.6328125 0.63828125 0.0359375 0.084375
0 0.61953125 0.3421875 0.2234375 0.4265625
0 0.38671875 0.6578125 0.03125 0.515625
0 0.6703125 0.7140625 0.1046875 0.21875