0 0.909375 0.659375 0.18125 0.328125
0 0.61484375 0.73046875 0.45625 0.49375
0 0.234375 0.18046875 0.4578125 0.2453125
0 0.8625 0.38203125 0.275 0.303125
0 0.528125 0.36796875 0.378125 0.121875
0 0.6359375 0.45234375 0.1984375 0.0796875
0 0.36171875 0.38359375 0.2515625 0.11875
0 0.49765625 0.2453125 0.35 0.203125
0 0.9109375 0.2015625 0.171875 0.115625
0 0.56328125 0.0515625 0.178125 0.06875
0 0.71953125 0.03671875 0.53125 0.0734375
0 0.42109375 0.0390625 0.128125 0.071875
0 0.33046875 0.575 0.134375 0.040625