0 0.4203125 0.41953125 0.3171875 0.528125
0 0.48984375 0.71875 0.1 0.1625
0 0.78515625 0.41796875 0.10625 0.15625
0 0.52890625 0.54765625 0.09375 0.1859375
0 0.67421875 0.1640625 0.3234375 0.059375
0 0.23671875 0.821875 0.2734375 0.35625
0 0.396875 0.06796875 0.115625 0.1359375
1 0.4609375 0.17109375 0.0625 0.090625
1 0.36015625 0.78125 0.05625 0.13125
0 0.7125 0.19296875 0.3203125 0.03125
0 0.73125 0.24375 0.4125 0.0875
0 0.8078125 0.36875 0.178125 0.115625
0 0.80703125 0.290625 0.190625 0.103125
0 0.578125 0.36953125 0.0625 0.125
0 0.6 0.60078125 0.165625 0.25
0 0.65625 0.40859375 0.103125 0.1875
0 0.52734375 0.8046875 0.0890625 0.1734375
0 0.7828125 0.52890625 0.0625 0.0796875
0 0.3921875 0.403125 0.29375 0.5421875
0 0.40390625 0.86640625 0.109375 0.11875