2 0.88125 0.63359375 0.0359375 0.071875
2 0.68125 0.50625 0.10625 0.265625
2 0.36484375 0.23515625 0.1421875 0.4703125
2 0.84609375 0.37578125 0.0625 0.1
2 0.7453125 0.1015625 0.125 0.2
2 0.92421875 0.65546875 0.103125 0.0734375
2 0.57734375 0.215625 0.2 0.259375
2 0.94453125 0.090625 0.10625 0.18125
2 0.83828125 0.2984375 0.059375 0.08125
2 0.49765625 0.13125 0.084375 0.125
2 0.9171875 0.29453125 0.1375 0.1703125
2 0.50625 0.43828125 0.05 0.1171875
2 0.60546875 0.57734375 0.040625 0.025
2 0.55234375 0.5078125 0.034375 0.19375
2 0.640625 0.709375 0.0375 0.1375
2 0.91171875 0.5375 0.021875 0.1078125
2 0.7875 0.39453125 0.05 0.1
2 0.33671875 0.72109375 0.028125 0.021875
2 0.64453125 0.8640625 0.046875 0.178125
2 0.409375 0.6453125 0.06875 0.709375
2 0.346875 0.48828125 0.0859375 0.1875
2 0.3609375 0.66640625 0.1171875 0.1453125
2 0.36015625 0.796875 0.1 0.1015625
2 0.4734375 0.509375 0.084375 0.0765625
2 0.4796875 0.6328125 0.10625 0.1
2 0.48515625 0.71953125 0.078125 0.0625
2 0.56328125 0.64140625 0.0875 0.075
2 0.57109375 0.709375 0.078125 0.0671875
2 0.59375 0.5296875 0.10625 0.084375
2 0.48828125 0.5703125 0.128125 0.075
2 0.7734375 0.27890625 0.13125 0.1390625
2 0.41171875 0.059375 0.153125 0.115625
2 0.6296875 0.046875 0.1359375 0.0796875
2 0.60546875 0.12734375 0.1453125 0.14375