0 0.1171875 0.76328125 0.2109375 0.18125
0 0.32578125 0.42890625 0.284375 0.1875
0 0.5140625 0.73515625 0.346875 0.096875
0 0.24296875 0.696875 0.19375 0.08125
0 0.934375 0.9265625 0.13125 0.146875
0 0.3515625 0.7765625 0.240625 0.090625
0 0.61015625 0.8453125 0.2421875 0.078125
0 0.66640625 0.4390625 0.384375 0.128125
0 0.51640625 0.65390625 0.259375 0.065625
0 0.3875 0.6015625 0.14375 0.05
0 0.50703125 0.27890625 0.321875 0.19375
0 0.828125 0.46953125 0.04375 0.0484375
0 0.25703125 0.61484375 0.128125 0.071875
0 0.30625 0.54609375 0.0953125 0.053125
0 0.865625 0.75546875 0.109375 0.140625
0 0.5203125 0.58203125 0.175 0.065625
0 0.75078125 0.25546875 0.0703125 0.046875
0 0.7265625 0.221875 0.109375 0.0578125
0 0.77578125 0.76015625 0.146875 0.109375
0 0.6203125 0.63125 0.109375 0.03125
0 0.64140625 0.49765625 0.0609375 0.0375
0 0.33125 0.8015625 0.071875 0.021875
0 0.7796875 0.50859375 0.11875 0.0609375
0 0.6859375 0.26328125 0.059375 0.04375
0 0.64921875 0.57421875 0.078125 0.05
0 0.50078125 0.91640625 0.0515625 0.04375
0 0.72265625 0.15625 0.15 0.1015625
0 0.23125 0.32109375 0.28125 0.13125
0 0.94296875 0.72578125 0.109375 0.1875
0 0.94453125 0.8375 0.1109375 0.25
0 0.9375 0.603125 0.11875 0.2375
0 0.8359375 0.621875 0.153125 0.19375