2 0.34765625 0.7296875 0.14375 0.04375
2 0.490625 0.7515625 0.1125 0.175
2 0.7046875 0.378125 0.23125 0.1
2 0.67265625 0.25625 0.196875 0.128125
2 0.884375 0.08125 0.13125 0.090625
2 0.1234375 0.825 0.075 0.0640625
2 0.12890625 0.74140625 0.053125 0.028125
2 0.5484375 0.5078125 0.353125 0.215625
2 0.503125 0.1765625 0.0828125 0.1125
2 0.51484375 0.334375 0.2078125 0.2109375
2 0.59765625 0.6828125 0.1921875 0.1796875
2 0.4328125 0.6234375 0.165625 0.146875
2 0.446875 0.27265625 0.0578125 0.0671875
2 0.40234375 0.93046875 0.059375 0.0875
2 0.17890625 0.9125 0.03125 0.090625
2 0.4625 0.8140625 0.028125 0.08125
2 0.5734375 0.059375 0.059375 0.1015625
2 0.35234375 0.80078125 0.0390625 0.0484375
2 0.31640625 0.93671875 0.0765625 0.040625
2 0.3015625 0.8609375 0.034375 0.10625
2 0.215625 0.89140625 0.028125 0.05625
2 0.3875 0.978125 0.034375 0.0421875
2 0.95390625 0.70546875 0.06875 0.165625
2 0.71875 0.9234375 0.053125 0.1484375