0 0.6546875 0.51328125 0.259375 0.25
0 0.38828125 0.43671875 0.159375 0.1734375
0 0.81171875 0.3984375 0.375 0.2703125
0 0.46015625 0.57265625 0.25625 0.2671875
0 0.5421875 0.27109375 0.171875 0.090625
0 0.39609375 0.296875 0.121875 0.196875
0 0.1796875 0.42265625 0.115625 0.184375
0 0.1984375 0.58984375 0.10625 0.0390625
0 0.38515625 0.75234375 0.059375 0.09375
0 0.42578125 0.740625 0.05 0.059375
0 0.5171875 0.74609375 0.0859375 0.1375
0 0.55546875 0.73203125 0.034375 0.06875
0 0.35234375 0.71953125 0.1125 0.153125
0 0.48125 0.4 0.171875 0.165625
3 0.74296875 0.875 0.5125 0.25