2 0.2703125 0.34765625 0.04375 0.14296875
2 0.2484375 0.490625 0.17421875 0.1125
2 0.621875 0.7046875 0.09921875 0.23125
2 0.74375 0.67265625 0.128125 0.196875
2 0.91875 0.884375 0.08984375 0.13046875
2 0.175 0.1234375 0.06328125 0.07421875
2 0.25859375 0.12890625 0.02734375 0.05234375
2 0.4921875 0.5484375 0.21484375 0.353125
2 0.8234375 0.503125 0.11328125 0.0828125
2 0.665625 0.51484375 0.2109375 0.2078125
2 0.3171875 0.59765625 0.1796875 0.1921875
2 0.3765625 0.4328125 0.14609375 0.16484375
2 0.72734375 0.446875 0.0671875 0.0578125
2 0.06953125 0.40234375 0.0875 0.059375
2 0.0875 0.17890625 0.09140625 0.03125
2 0.1859375 0.4625 0.08046875 0.02890625
2 0.940625 0.5734375 0.1015625 0.059375
2 0.19921875 0.35234375 0.0484375 0.0390625
2 0.06328125 0.31640625 0.03984375 0.0765625
2 0.1390625 0.3015625 0.10546875 0.034375
2 0.10859375 0.215625 0.05625 0.02734375
2 0.021875 0.3875 0.0421875 0.03515625
2 0.29453125 0.95390625 0.16640625 0.06953125
2 0.0765625 0.71875 0.1484375 0.05234375