0 0.27734375 0.49375 0.2859375 0.259375
0 0.58984375 0.44609375 0.3953125 0.3078125
0 0.82421875 0.4296875 0.19375 0.2140625
0 0.1453125 0.69609375 0.1203125 0.078125
0 0.4453125 0.6640625 0.15625 0.0734375
0 0.5578125 0.63515625 0.1359375 0.1359375
0 0.3140625 0.5859375 0.146875 0.109375
0 0.44140625 0.7359375 0.05 0.0390625
0 0.3140625 0.6609375 0.15 0.046875
0 0.14921875 0.525 0.084375 0.125
0 0.32265625 0.70625 0.146875 0.053125
0 0.70546875 0.54765625 0.1 0.03125
0 0.49609375 0.71953125 0.1140625 0.096875
0 0.4625 0.7609375 0.0953125 0.0640625
0 0.4078125 0.73203125 0.0765625 0.0671875
0 0.56328125 0.29609375 0.2609375 0.084375
0 0.846875 0.215625 0.30625 0.1046875
0 0.29921875 0.3296875 0.2234375 0.10625
0 0.56875 0.25234375 0.2953125 0.103125