0 0.66171875 0.64375 0.15390625 0.09140625
0 0.58515625 0.2046875 0.12265625 0.4046875
0 0.39375 0.40390625 0.0859375 0.10859375
0 0.2046875 0.4234375 0.14921875 0.1
0 0.0625 0.534375 0.11796875 0.1359375
0 0.71328125 0.50625 0.17578125 0.14765625
0 0.4453125 0.61796875 0.22265625 0.1734375
0 0.3640625 0.37109375 0.125 0.1375
0 0.49375 0.41015625 0.0546875 0.0921875
0 0.59921875 0.38359375 0.0609375 0.1046875
0 0.73125 0.43671875 0.09453125 0.05703125
0 0.8453125 0.5265625 0.090625 0.1296875
0 0.24921875 0.57578125 0.16640625 0.20625
0 0.1953125 0.4859375 0.33046875 0.27265625
0 0.55625 0.50703125 0.215625 0.22890625
0 0.48515625 0.34609375 0.109375 0.09765625
0 0.42109375 0.51484375 0.19765625 0.1875
0 0.88203125 0.59921875 0.18359375 0.15859375
0 0.959375 0.5484375 0.08046875 0.09765625