2 0.634375 0.50234375 0.175 0.203125
2 0.62734375 0.67421875 0.0609375 0.0984375
2 0.4984375 0.7421875 0.08125 0.2125
2 0.56875 0.79453125 0.078125 0.0875
2 0.68671875 0.815625 0.0859375 0.0515625
2 0.565625 0.203125 0.040625 0.090625
2 0.50859375 0.54921875 0.15625 0.08125
2 0.7328125 0.93828125 0.0328125 0.05
2 0.66015625 0.85859375 0.10625 0.0453125
2 0.8359375 0.8484375 0.2109375 0.1546875
2 0.61171875 0.25703125 0.1046875 0.08125
2 0.28671875 0.47109375 0.084375 0.040625
2 0.69609375 0.65703125 0.1703125 0.0921875
2 0.8171875 0.60390625 0.171875 0.2
2 0.5234375 0.27890625 0.0453125 0.0625
2 0.7421875 0.78515625 0.121875 0.0625
2 0.821875 0.6875 0.159375 0.0484375
2 0.3734375 0.4921875 0.08125 0.040625
3 0.16875 0.8015625 0.31875 0.046875
2 0.528125 0.4625 0.084375 0.090625
2 0.45390625 0.53515625 0.034375 0.0125
2 0.725 0.97578125 0.071875 0.0484375
2 0.68515625 0.71328125 0.15625 0.0625
2 0.55703125 0.25859375 0.0484375 0.04375
2 0.75390625 0.89765625 0.0734375 0.065625
2 0.48359375 0.384375 0.2125 0.103125
2 0.57421875 0.5765625 0.23125 0.159375
2 0.78515625 0.4421875 0.159375 0.178125
2 0.63359375 0.359375 0.146875 0.103125
2 0.6359375 0.73828125 0.29375 0.1515625
2 0.40390625 0.50546875 0.259375 0.165625