0 0.503125 0.334375 0.1859375 0.115625
0 0.46328125 0.58359375 0.2921875 0.353125
0 0.23984375 0.42734375 0.1875 0.1421875
1 0.60234375 0.27734375 0.115625 0.103125
0 0.58125 0.38203125 0.1203125 0.153125
0 0.5484375 0.8015625 0.2 0.1203125
0 0.64921875 0.78515625 0.0875 0.1
0 0.68515625 0.44609375 0.3875 0.1640625
0 0.3640625 0.73984375 0.053125 0.06875
3 0.17890625 0.540625 0.09375 0.1671875
3 0.08984375 0.5703125 0.028125 0.0859375
3 0.13203125 0.94765625 0.0875 0.1046875
2 0.440625 0.23671875 0.046875 0.0703125
3 0.2 0.05546875 0.1140625 0.1109375
2 0.865625 0.93046875 0.25625 0.1375
2 0.9078125 0.03984375 0.1234375 0.0640625
1 0.53515625 0.15625 0.0515625 0.059375
3 0.13671875 0.790625 0.1671875 0.353125