0 0.52578125 0.59765625 0.240625 0.134375
0 0.43203125 0.3546875 0.24375 0.1625
0 0.6703125 0.359375 0.403125 0.24375
0 0.8296875 0.79921875 0.265625 0.2328125
0 0.7734375 0.54921875 0.25 0.1375
0 0.3296875 0.49609375 0.1875 0.075
0 0.87890625 0.40234375 0.196875 0.046875
3 0.93046875 0.8734375 0.1390625 0.1125
3 0.1734375 0.846875 0.3375 0.2984375
0 0.4578125 0.6796875 0.065625 0.05625
0 0.42890625 0.47421875 0.090625 0.11875
3 0.53203125 0.87734375 0.2 0.16875
0 0.89921875 0.46171875 0.0875 0.071875
0 0.2875 0.39609375 0.09375 0.028125
0 0.52734375 0.64140625 0.11875 0.05625
0 0.82421875 0.31796875 0.04375 0.128125
0 0.95625 0.5796875 0.0875 0.0625
0 0.16328125 0.521875 0.3265625 0.05
0 0.259375 0.63828125 0.08125 0.075
0 0.9546875 0.609375 0.05625 0.0125
0 0.340625 0.44140625 0.0328125 0.090625
0 0.325 0.58671875 0.178125 0.071875
0 0.23828125 0.33828125 0.14375 0.0890625