2 0.45234375 0.56796875 0.2375 0.365625
2 0.49609375 0.1421875 0.103125 0.0578125
2 0.53125 0.22109375 0.2296875 0.284375
2 0.60546875 0.85234375 0.109375 0.29375
2 0.80859375 0.40625 0.16875 0.18125
2 0.52734375 0.496875 0.1125 0.240625
2 0.1578125 0.8625 0.315625 0.275
2 0.35234375 0.1078125 0.0375 0.1296875
2 0.65703125 0.346875 0.040625 0.090625
2 0.4015625 0.94296875 0.115625 0.1140625
2 0.17578125 0.0546875 0.071875 0.046875
2 0.596875 0.21796875 0.05 0.05
2 0.60546875 0.11796875 0.078125 0.06875
2 0.21484375 0.77890625 0.18125 0.125
2 0.83828125 0.61015625 0.278125 0.1125
2 0.08046875 0.528125 0.09375 0.146875
2 0.121875 0.6453125 0.109375 0.0921875
2 0.2671875 0.3625 0.034375 0.0953125
2 0.5578125 0.03828125 0.171875 0.0765625
2 0.6703125 0.771875 0.059375 0.15
2 0.61640625 0.73359375 0.046875 0.096875
2 0.6296875 0.26640625 0.03125 0.0703125
2 0.88515625 0.25 0.046875 0.221875
2 0.615625 0.44140625 0.096875 0.0515625
2 0.1140625 0.3890625 0.15 0.11875
2 0.25625 0.2921875 0.153125 0.075
2 0.03359375 0.253125 0.05625 0.059375
2 0.903125 0.72109375 0.171875 0.109375
2 0.08671875 0.71640625 0.146875 0.1015625
2 0.4421875 0.790625 0.20625 0.1484375
2 0.13984375 0.503125 0.121875 0.1375
2 0.3375 0.58515625 0.278125 0.3078125
2 0.6 0.56015625 0.2 0.146875
2 0.66953125 0.409375 0.115625 0.328125
2 0.64296875 0.6234375 0.16875 0.1953125
2 0.32734375 0.57734375 0.2578125 0.3015625