2 0.2703125 0.65234375 0.04375 0.14375
2 0.2484375 0.509375 0.175 0.1125
2 0.621875 0.2953125 0.1 0.23125
2 0.74375 0.32734375 0.128125 0.196875
2 0.91875 0.115625 0.090625 0.13125
2 0.175 0.8765625 0.0625 0.075
2 0.25859375 0.87109375 0.028125 0.053125
2 0.4921875 0.4515625 0.215625 0.353125
2 0.8234375 0.496875 0.1125 0.0828125
2 0.665625 0.48515625 0.2109375 0.2078125
2 0.3171875 0.40234375 0.1796875 0.1921875
2 0.3765625 0.5671875 0.146875 0.165625
2 0.72734375 0.553125 0.0671875 0.0578125
2 0.06953125 0.59765625 0.0875 0.059375
2 0.0875 0.82109375 0.090625 0.03125
2 0.1859375 0.5375 0.08125 0.028125
2 0.940625 0.4265625 0.1015625 0.059375
2 0.19921875 0.64765625 0.0484375 0.0390625
2 0.06328125 0.68359375 0.040625 0.0765625
2 0.1390625 0.6984375 0.10625 0.034375
2 0.10859375 0.784375 0.05625 0.028125
2 0.021875 0.6125 0.0421875 0.034375
2 0.29453125 0.04609375 0.165625 0.06875
2 0.0765625 0.28125 0.1484375 0.053125