0 0.60078125 0.55859375 0.23125 0.1921875
0 0.7984375 0.39453125 0.0546875 0.125
0 0.47734375 0.57734375 0.06875 0.13125
0 0.3015625 0.23828125 0.1625 0.146875
0 0.740625 0.84609375 0.19375 0.2890625
0 0.675 0.3921875 0.175 0.18125
0 0.5859375 0.965625 0.1375 0.06875
0 0.6109375 0.8953125 0.096875 0.1984375
0 0.565625 0.73828125 0.1859375 0.1515625
0 0.39609375 0.20234375 0.1171875 0.1265625
0 0.50234375 0.40625 0.125 0.0875
0 0.31796875 0.74921875 0.303125 0.49375
0 0.29296875 0.43828125 0.153125 0.140625
0 0.32578125 0.359375 0.3 0.1453125
0 0.76640625 0.24921875 0.29375 0.434375
0 0.75234375 0.56328125 0.21875 0.259375
0 0.54140625 0.25546875 0.1640625 0.253125