0 0.8046875 0.3234375 0.246875 0.28046875
1 0.1796875 0.37734375 0.01484375 0.0296875
1 0.02734375 0.3578125 0.0484375 0.05
1 0.30390625 0.4171875 0.03671875 0.046875
1 0.2953125 0.33203125 0.0484375 0.05390625
1 0.3328125 0.35 0.03671875 0.0921875
1 0.5296875 0.3265625 0.05625 0.05390625
1 0.93828125 0.54375 0.02578125 0.03984375
1 0.8953125 0.4328125 0.0171875 0.01953125
1 0.35625 0.65390625 0.01875 0.021875
1 0.553125 0.52578125 0.04453125 0.04921875
1 0.01484375 0.51953125 0.02265625 0.04609375