0 0.51640625 0.61328125 0.0796875 0.053125
0 0.4984375 0.821875 0.071875 0.109375
0 0.5 0.69765625 0.1078125 0.128125
0 0.5484375 0.7765625 0.103125 0.1453125
0 0.53984375 0.08046875 0.075 0.1609375
0 0.603125 0.20078125 0.0671875 0.2
0 0.5234375 0.2890625 0.096875 0.13125
0 0.45703125 0.26875 0.040625 0.0453125
0 0.42734375 0.31328125 0.109375 0.028125
0 0.4734375 0.38203125 0.125 0.03125
0 0.45078125 0.84765625 0.01875 0.025
0 0.6015625 0.04375 0.071875 0.0875
0 0.45859375 0.22578125 0.0703125 0.040625
0 0.5234375 0.3390625 0.09375 0.0515625
0 0.509375 0.03359375 0.025 0.0671875
0 0.5578125 0.6328125 0.065625 0.09375
0 0.4390625 0.92734375 0.046875 0.034375
0 0.53359375 0.19921875 0.0703125 0.065625