2 0.37421875 0.46640625 0.02890625 0.04140625
2 0.76328125 0.77421875 0.2125 0.29375
2 0.4609375 0.546875 0.1359375 0.1546875
2 0.54765625 0.4125 0.09609375 0.0640625
2 0.5640625 0.6375 0.2171875 0.37734375
2 0.32265625 0.41171875 0.0234375 0.03828125
2 0.75625 0.60078125 0.09765625 0.09296875
2 0.85859375 0.61875 0.10859375 0.0484375
2 0.8703125 0.53828125 0.10703125 0.07890625
2 0.40390625 0.34921875 0.075 0.07265625
2 0.87578125 0.6765625 0.1125 0.04375
2 0.6609375 0.58203125 0.01875 0.03125
2 0.82734375 0.69140625 0.05234375 0.03359375
2 0.25625 0.48046875 0.109375 0.0640625
2 0.74453125 0.54609375 0.19140625 0.2203125
2 0.4734375 0.41015625 0.1171875 0.14765625
2 0.57109375 0.3640625 0.0703125 0.10625
2 0.50546875 0.309375 0.06015625 0.0984375
2 0.45 0.3265625 0.0453125 0.07734375
2 0.3953125 0.40546875 0.053125 0.14375
2 0.35859375 0.37421875 0.06640625 0.09375
2 0.35 0.42578125 0.06640625 0.09140625
2 0.36640625 0.484375 0.07421875 0.10625
2 0.67421875 0.39296875 0.1046875 0.14609375