2 0.4140625 0.44609375 0.078125 0.1046875
2 0.64609375 0.85 0.0671875 0.0703125
2 0.3359375 0.5953125 0.046875 0.0734375
2 0.4015625 0.328125 0.0515625 0.0796875
2 0.56328125 0.759375 0.05 0.0453125
2 0.25234375 0.5109375 0.0796875 0.13125
2 0.17265625 0.89921875 0.109375 0.196875
2 0.6 0.12421875 0.03125 0.0578125
2 0.29765625 0.23125 0.0140625 0.05
2 0.4328125 0.9046875 0.06875 0.11875
2 0.1609375 0.365625 0.1125 0.128125
2 0.31953125 0.7328125 0.021875 0.06875
2 0.253125 0.17109375 0.034375 0.0578125
2 0.39765625 0.25703125 0.1609375 0.13125
2 0.1828125 0.47578125 0.05625 0.1
2 0.13046875 0.47890625 0.0359375 0.1171875
2 0.19921875 0.6609375 0.059375 0.1578125
2 0.1625 0.19765625 0.071875 0.184375
2 0.5125 0.9296875 0.0828125 0.05
2 0.89375 0.8140625 0.0421875 0.075
2 0.7515625 0.87578125 0.071875 0.1
2 0.4265625 0.615625 0.15625 0.10625
2 0.8609375 0.20078125 0.06875 0.10625
2 0.13359375 0.58828125 0.03125 0.140625
2 0.3890625 0.09140625 0.1203125 0.153125
2 0.14375 0.78125 0.05 0.209375
2 0.66484375 0.36796875 0.11875 0.071875
2 0.10078125 0.26015625 0.0875 0.0734375
2 0.8703125 0.59296875 0.015625 0.0546875
2 0.62109375 0.06953125 0.18125 0.1265625
2 0.83046875 0.87890625 0.0734375 0.090625
2 0.89453125 0.91328125 0.04375 0.0625
2 0.6796875 0.14609375 0.01875 0.0671875
2 0.76953125 0.7921875 0.0953125 0.04375
1 0.709375 0.9703125 0.0421875 0.04375
2 0.4703125 0.49609375 0.13125 0.0625
2 0.87734375 0.7484375 0.0765625 0.178125
2 0.75390625 0.9734375 0.034375 0.053125
2 0.10703125 0.50546875 0.0171875 0.13125
2 0.31796875 0.03359375 0.040625 0.0625
2 0.49140625 0.78125 0.08125 0.034375
2 0.7296875 0.14375 0.0578125 0.009375
2 0.73515625 0.92890625 0.09375 0.05625
2 0.73671875 0.41640625 0.034375 0.0390625
2 0.4796875 0.1203125 0.06875 0.01875
2 0.1390625 0.05234375 0.125 0.1046875
2 0.259375 0.95 0.034375 0.065625
2 0.33046875 0.240625 0.0703125 0.071875
2 0.29609375 0.7515625 0.11875 0.134375
2 0.29296875 0.6078125 0.1421875 0.140625
2 0.5515625 0.64375 0.184375 0.134375
2 0.28125 0.3203125 0.09375 0.1265625