2 0.47578125 0.52578125 0.26875 0.0875
2 0.46953125 0.64375 0.053125 0.084375
2 0.40625 0.89140625 0.359375 0.046875
2 0.3328125 0.93125 0.209375 0.1078125
2 0.44296875 0.92109375 0.3078125 0.115625
2 0.471875 0.85234375 0.309375 0.0375
2 0.5609375 0.8125 0.196875 0.0765625
2 0.57421875 0.640625 0.125 0.134375
2 0.6203125 0.6921875 0.103125 0.1265625
2 0.7578125 0.66796875 0.075 0.19375
2 0.815625 0.59375 0.071875 0.146875
2 0.60703125 0.446875 0.1 0.175
2 0.66484375 0.23515625 0.15 0.146875
2 0.57109375 0.18046875 0.159375 0.1640625
2 0.49453125 0.1890625 0.1203125 0.1265625
2 0.4796875 0.28515625 0.2 0.103125
2 0.43828125 0.15703125 0.14375 0.140625
2 0.44765625 0.09375 0.065625 0.140625
2 0.59609375 0.06640625 0.028125 0.121875
2 0.74296875 0.403125 0.20625 0.096875
2 0.653125 0.58046875 0.015625 0.08125
2 0.6875 0.4734375 0.046875 0.0953125
2 0.6890625 0.565625 0.053125 0.084375
2 0.7484375 0.53984375 0.075 0.096875
2 0.76015625 0.46875 0.065625 0.090625
2 0.315625 0.81484375 0.1421875 0.0875
2 0.3375 0.62265625 0.0875 0.06875
2 0.4078125 0.70625 0.103125 0.1375
2 0.5046875 0.70234375 0.08125 0.0796875
2 0.51953125 0.75 0.065625 0.06875
2 0.4234375 0.41640625 0.0375 0.11875
2 0.528125 0.43671875 0.090625 0.109375