0 0.83671875 0.5125 0.11796875 0.0640625
0 0.76640625 0.4125 0.0546875 0.20078125
0 0.84921875 0.54765625 0.10546875 0.07734375
0 0.89921875 0.56484375 0.0890625 0.08671875
0 0.878125 0.63203125 0.140625 0.0875
0 0.946875 0.58984375 0.10625 0.125
0 0.98203125 0.4 0.03515625 0.20546875
0 0.6421875 0.515625 0.1015625 0.13203125
0 0.8703125 0.5078125 0.11171875 0.02109375
0 0.85390625 0.49140625 0.09140625 0.01875
0 0.8 0.7 0.16875 0.08984375
0 0.5828125 0.57265625 0.1640625 0.1328125
0 0.275 0.703125 0.04453125 0.065625
0 0.83203125 0.63125 0.0890625 0.05078125
0 0.70078125 0.68671875 0.08046875 0.0515625
0 0.9390625 0.65625 0.121875 0.07421875
0 0.7328125 0.59609375 0.125 0.03125
0 0.04296875 0.4859375 0.078125 0.05
0 0.471875 0.61875 0.14453125 0.12734375
0 0.60625 0.7375 0.1375 0.07265625
0 0.7390625 0.696875 0.2140625 0.0734375
0 0.940625 0.4703125 0.01484375 0.1046875
0 0.428125 0.71796875 0.20078125 0.04375
0 0.084375 0.6859375 0.16875 0.125
0 0.046875 0.52890625 0.08203125 0.0671875
0 0.5609375 0.49375 0.0828125 0.05234375
0 0.340625 0.64453125 0.1609375 0.07109375
0 0.23984375 0.6859375 0.1234375 0.12890625
0 0.634375 0.6640625 0.2015625 0.07109375