2 0.3765625 0.6875 0.325 0.175
2 0.53203125 0.546875 0.228125 0.115625
2 0.19609375 0.465625 0.3890625 0.634375
2 0.1125 0.2015625 0.2140625 0.28125
2 0.525 0.0984375 0.34375 0.1375
2 0.625 0.26796875 0.265625 0.121875
2 0.34609375 0.2328125 0.2515625 0.1625
2 0.79765625 0.46484375 0.221875 0.1015625
2 0.82890625 0.60703125 0.315625 0.184375
2 0.61953125 0.64921875 0.1875 0.1203125
2 0.64140625 0.5046875 0.1640625 0.1125
2 0.8859375 0.04375 0.1671875 0.075
2 0.33359375 0.05859375 0.153125 0.103125
2 0.8484375 0.13046875 0.209375 0.103125