2 0.4203125 0.72421875 0.025 0.0390625
2 0.4421875 0.73046875 0.0265625 0.053125
2 0.36796875 0.86171875 0.034375 0.025
2 0.5 0.784375 0.04375 0.0375
2 0.3484375 0.83203125 0.034375 0.034375
2 0.7015625 0.76171875 0.040625 0.040625
2 0.2796875 0.778125 0.040625 0.0265625
2 0.040625 0.74296875 0.0359375 0.03125
2 0.3984375 0.85546875 0.03125 0.0203125
2 0.36796875 0.63046875 0.05 0.1171875
2 0.1296875 0.7578125 0.046875 0.0421875
2 0.0828125 0.89921875 0.040625 0.046875
2 0.2625 0.61875 0.04375 0.0390625
2 0.09609375 0.7515625 0.034375 0.040625
2 0.221875 0.86640625 0.015625 0.0515625
2 0.6984375 0.7984375 0.053125 0.0484375
2 0.39296875 0.828125 0.021875 0.0375
2 0.503125 0.803125 0.04375 0.0375
2 0.1296875 0.925 0.021875 0.01875
2 0.61953125 0.8484375 0.028125 0.021875
2 0.5046875 0.83203125 0.01875 0.021875
2 0.44296875 0.78671875 0.0390625 0.046875
2 0.39921875 0.621875 0.046875 0.1296875
2 0.2453125 0.8828125 0.03125 0.0421875
2 0.3421875 0.59375 0.0703125 0.0953125
2 0.38359375 0.5625 0.04375 0.05625
2 0.73359375 0.81171875 0.034375 0.025
2 0.34609375 0.88515625 0.03125 0.034375
2 0.59453125 0.5796875 0.05625 0.0875
2 0.7703125 0.7578125 0.0640625 0.065625
2 0.5125 0.68828125 0.0484375 0.09375
2 0.57734375 0.7328125 0.075 0.034375
2 0.49453125 0.584375 0.059375 0.13125
2 0.6765625 0.83515625 0.0375 0.04375
2 0.60703125 0.79921875 0.090625 0.1
2 0.38125 0.7 0.0453125 0.071875
2 0.05078125 0.8453125 0.053125 0.0703125
2 0.621875 0.6234375 0.075 0.140625
2 0.28203125 0.85234375 0.0171875 0.04375
2 0.71015625 0.721875 0.040625 0.05625
2 0.01640625 0.80546875 0.0328125 0.025
2 0.41640625 0.415625 0.071875 0.10625
2 0.32265625 0.80625 0.025 0.0390625
2 0.55234375 0.5234375 0.059375 0.040625
2 0.403125 0.71015625 0.034375 0.078125
2 0.32109375 0.90234375 0.05 0.0171875
2 0.38125 0.465625 0.03125 0.065625
2 0.73515625 0.765625 0.046875 0.059375
2 0.15859375 0.78203125 0.0375 0.059375
2 0.46015625 0.69609375 0.040625 0.1234375
2 0.37890625 0.82421875 0.0328125 0.0453125
2 0.371875 0.80859375 0.0125 0.0359375
2 0.421875 0.7625 0.0359375 0.0390625
2 0.26015625 0.8328125 0.021875 0.05
2 0.2140625 0.9 0.0125 0.05
2 0.33671875 0.71640625 0.053125 0.08125
2 0.68515625 0.70390625 0.0359375 0.10625
2 0.74453125 0.58125 0.0625 0.0625
2 0.02265625 0.83046875 0.0421875 0.034375
2 0.76015625 0.78984375 0.034375 0.028125
2 0.165625 0.90546875 0.04375 0.021875
2 0.54921875 0.64921875 0.08125 0.0375
2 0.3015625 0.85859375 0.0328125 0.04375
2 0.915625 0.65703125 0.04375 0.04375
2 0.23515625 0.5578125 0.053125 0.040625
2 0.575 0.46328125 0.10625 0.0625
2 0.43515625 0.63203125 0.040625 0.153125
2 0.11640625 0.86875 0.034375 0.0421875
2 0.63203125 0.528125 0.08125 0.0890625
2 0.203125 0.77109375 0.03125 0.0375
2 0.7078125 0.6171875 0.059375 0.05625
2 0.58984375 0.496875 0.021875 0.0625
2 0.6625 0.65703125 0.028125 0.10625
2 0.53515625 0.57890625 0.03125 0.0375
2 0.2046875 0.84609375 0.046875 0.0265625
2 0.36484375 0.3609375 0.0328125 0.125
2 0.853125 0.6359375 0.09375 0.065625
2 0.4625 0.4078125 0.0640625 0.08125
2 0.8 0.78828125 0.0375 0.040625
2 0.709375 0.496875 0.078125 0.075
2 0.84921875 0.75078125 0.0375 0.0453125
2 0.30546875 0.69765625 0.025 0.0203125
2 0.73359375 0.665625 0.0296875 0.0671875
2 0.8703125 0.66953125 0.05 0.0984375
2 0.31796875 0.56484375 0.040625 0.06875
2 0.34375 0.53125 0.046875 0.0703125
2 0.771875 0.5875 0.05625 0.125
2 0.54609375 0.41875 0.04375 0.0796875
2 0.06328125 0.78203125 0.028125 0.0625
2 0.35703125 0.50625 0.04375 0.06875
2 0.7875 0.65625 0.0625 0.103125
2 0.290625 0.54609375 0.0296875 0.046875
2 0.0296875 0.88671875 0.0546875 0.0609375
2 0.1671875 0.8671875 0.025 0.0203125
2 0.60390625 0.68203125 0.0234375 0.075
2 0.56328125 0.490625 0.034375 0.0375
2 0.87578125 0.728125 0.034375 0.04375
2 0.4109375 0.821875 0.0296875 0.0375
2 0.61796875 0.41484375 0.096875 0.0515625
2 0.29140625 0.48046875 0.065625 0.0625
2 0.446875 0.81953125 0.0359375 0.028125
2 0.6078125 0.65234375 0.04375 0.040625
2 0.55703125 0.68515625 0.065625 0.059375
2 0.2953125 0.8828125 0.009375 0.05625
2 0.8078125 0.5109375 0.05625 0.0234375
2 0.478125 0.65 0.05 0.140625
2 0.8 0.8171875 0.040625 0.0609375
2 0.2546875 0.45234375 0.0390625 0.04375
2 0.559375 0.3671875 0.1078125 0.046875
2 0.83046875 0.55625 0.0609375 0.0765625
2 0.91015625 0.61171875 0.025 0.053125
2 0.3484375 0.40078125 0.03125 0.128125
2 0.909375 0.6921875 0.05 0.0375
2 0.71328125 0.54765625 0.0890625 0.096875
2 0.2078125 0.575 0.046875 0.0671875
2 0.3921875 0.33359375 0.0234375 0.0875
2 0.22578125 0.36484375 0.08125 0.075
2 0.1609375 0.4515625 0.05 0.1109375
2 0.1265625 0.41640625 0.0328125 0.0921875
2 0.1875 0.54296875 0.084375 0.0671875
2 0.10390625 0.4125 0.0390625 0.103125
2 0.06015625 0.73125 0.040625 0.009375
2 0.0375 0.90703125 0.03125 0.040625
2 0.15 0.83828125 0.028125 0.065625
2 0.23828125 0.484375 0.096875 0.0375
2 0.01328125 0.715625 0.025 0.0125
2 0.75078125 0.69296875 0.053125 0.103125
2 0.30234375 0.43359375 0.03125 0.028125
2 0.12109375 0.89609375 0.053125 0.0265625
2 0.25625 0.65625 0.0375 0.0359375
2 0.615625 0.46875 0.0421875 0.021875
2 0.63359375 0.70078125 0.025 0.075
2 0.3 0.65234375 0.053125 0.04375
2 0.00625 0.83046875 0.0125 0.028125
2 0.24765625 0.41484375 0.0703125 0.0453125
2 0.1640625 0.51328125 0.0328125 0.0328125
2 0.08984375 0.9546875 0.128125 0.0515625
2 0.0109375 0.94140625 0.021875 0.0359375
2 0.76171875 0.3296875 0.028125 0.071875
2 0.80703125 0.4875 0.0796875 0.0234375
2 0.540625 0.7625 0.1375 0.040625
2 0.62890625 0.753125 0.0875 0.090625
2 0.45703125 0.48515625 0.140625 0.08125
2 0.3328125 0.40859375 0.053125 0.14375