2 0.25 0.0875 0.23125 0.175
2 0.81484375 0.46015625 0.146875 0.1
2 0.11171875 0.45078125 0.2234375 0.15
2 0.4921875 0.48828125 0.046875 0.1171875
2 0.60546875 0.86953125 0.19375 0.2421875
2 0.3125 0.571875 0.0796875 0.1296875
2 0.79765625 0.40078125 0.1921875 0.0453125
2 0.178125 0.76953125 0.1921875 0.175
2 0.484375 0.240625 0.1421875 0.115625
2 0.7171875 0.25 0.059375 0.09375
2 0.7546875 0.628125 0.18125 0.11875
2 0.4453125 0.39296875 0.065625 0.084375
2 0.6953125 0.859375 0.040625 0.140625
2 0.28984375 0.296875 0.028125 0.165625
2 0.8203125 0.63203125 0.071875 0.0890625
2 0.63984375 0.7203125 0.221875 0.1703125
2 0.9078125 0.30078125 0.18125 0.10625
2 0.48828125 0.09921875 0.090625 0.184375
2 0.7484375 0.753125 0.1125 0.06875
2 0.2609375 0.246875 0.053125 0.1484375
2 0.6296875 0.03046875 0.03125 0.059375
2 0.42734375 0.60546875 0.0359375 0.0703125
2 0.625 0.11484375 0.046875 0.05625
2 0.184375 0.478125 0.04375 0.0703125
2 0.1953125 0.58828125 0.0625 0.090625
2 0.56796875 0.61640625 0.0765625 0.0828125
2 0.32109375 0.01484375 0.040625 0.0296875
2 0.07421875 0.6890625 0.08125 0.053125
2 0.63984375 0.946875 0.0390625 0.10625
2 0.71796875 0.175 0.071875 0.015625
2 0.83046875 0.18515625 0.084375 0.10625
2 0.36640625 0.07265625 0.078125 0.009375
2 0.240625 0.93828125 0.1125 0.1171875
2 0.23046875 0.71640625 0.1 0.078125
2 0.85859375 0.40390625 0.096875 0.103125
2 0.8125 0.584375 0.3046875 0.025
2 0.3140625 0.465625 0.0765625 0.0375
2 0.0875 0.6390625 0.1703125 0.03125
1 0.65859375 0.29453125 0.015625 0.009375
1 0.546875 0.1515625 0.03125 0.015625
2 0.38125 0.70625 0.1109375 0.071875
2 0.75078125 0.15703125 0.021875 0.040625
2 0.603125 0.3203125 0.05625 0.0125
1 0.64765625 0.2875 0.0125 0.0125
1 0.509375 0.08984375 0.025 0.015625
1 0.54453125 0.23515625 0.0171875 0.0125
2 0.54453125 0.04453125 0.0515625 0.009375
2 0.58359375 0.51796875 0.034375 0.025
1 0.4078125 0.35859375 0.028125 0.028125
1 0.6640625 0.125 0.009375 0.0109375
2 0.5984375 0.35390625 0.0484375 0.0203125
2 0.26953125 0.05234375 0.059375 0.040625
2 0.3390625 0.8390625 0.053125 0.0734375
2 0.4078125 0.059375 0.03125 0.021875