2 0.36640625 0.11875 0.071875 0.0359375
2 0.49375 0.31875 0.265625 0.10625
2 0.76484375 0.63515625 0.4703125 0.1421875
2 0.62421875 0.15390625 0.1 0.0625
2 0.8984375 0.2546875 0.2 0.125
2 0.34453125 0.07578125 0.0734375 0.103125
2 0.784375 0.42265625 0.259375 0.2
2 0.909375 0.05546875 0.18125 0.1078125
2 0.7015625 0.16171875 0.08125 0.059375
2 0.86875 0.50234375 0.125 0.0859375
2 0.70546875 0.0828125 0.1703125 0.1375
2 0.56171875 0.49375 0.1171875 0.05
2 0.42265625 0.39453125 0.025 0.040625
2 0.4921875 0.44765625 0.19375 0.034375
2 0.290625 0.359375 0.1375 0.0375
2 0.4625 0.08828125 0.1078125 0.021875
2 0.60546875 0.2125 0.1 0.05
2 0.27890625 0.66328125 0.021875 0.028125
2 0.1359375 0.35546875 0.178125 0.046875
2 0.3546875 0.590625 0.709375 0.06875
2 0.51171875 0.653125 0.1875 0.0859375
2 0.33359375 0.6390625 0.1453125 0.1171875
2 0.203125 0.63984375 0.1015625 0.1
2 0.490625 0.5265625 0.0765625 0.084375
2 0.3671875 0.5203125 0.1 0.10625
2 0.28046875 0.51484375 0.0625 0.078125
2 0.35859375 0.43671875 0.075 0.0875
2 0.290625 0.42890625 0.0671875 0.078125
2 0.4703125 0.40625 0.084375 0.10625
2 0.4296875 0.51171875 0.075 0.128125
2 0.72109375 0.2265625 0.1390625 0.13125
2 0.940625 0.58828125 0.115625 0.153125
2 0.953125 0.3703125 0.0796875 0.1359375
2 0.87265625 0.39453125 0.14375 0.1453125