0 0.625 0.81796875 0.21875 0.2203125
0 0.63046875 0.4859375 0.2765625 0.278125
0 0.55078125 0.11796875 0.265625 0.234375
0 0.4046875 0.934375 0.196875 0.13125
0 0.23984375 0.45 0.0625 0.15
0 0.60078125 0.30234375 0.315625 0.134375
0 0.4765625 0.48828125 0.109375 0.253125
0 0.415625 0.7390625 0.046875 0.084375
2 0.4515625 0.16640625 0.0921875 0.146875
0 0.3265625 0.2921875 0.05 0.209375
0 0.3515625 0.56875 0.034375 0.296875
0 0.56796875 0.946875 0.1765625 0.0796875
0 0.59765625 0.77890625 0.240625 0.334375
0 0.43046875 0.55625 0.1390625 0.334375
0 0.40546875 0.27734375 0.121875 0.14375
0 0.56484375 0.17265625 0.05 0.1765625
0 0.2078125 0.56640625 0.084375 0.1453125
0 0.6328125 0.19140625 0.15625 0.1109375