1 0.7203125 0.359375 0.29453125 0.203125
1 0.4015625 0.56953125 0.22421875 0.22109375
1 0.4015625 0.659375 0.07578125 0.096875
1 0.3578125 0.759375 0.14375 0.1375
1 0.25 0.7734375 0.12578125 0.05703125
1 0.57578125 0.75625 0.2609375 0.15390625
1 0.75546875 0.55703125 0.43671875 0.18515625
1 0.8578125 0.72265625 0.284375 0.18359375
1 0.2703125 0.33125 0.196875 0.11171875
1 0.31875 0.41015625 0.35078125 0.090625
1 0.5265625 0.359375 0.1640625 0.1078125
1 0.5234375 0.26171875 0.13046875 0.06953125
1 0.35 0.2625 0.21640625 0.07578125
1 0.653125 0.2328125 0.1421875 0.08203125
1 0.51640625 0.4515625 0.1671875 0.09453125
1 0.253125 0.6171875 0.4765625 0.38203125