3 0.92109375 0.54765625 0.109375 0.296875
0 0.56171875 0.56796875 0.125 0.0953125
0 0.49453125 0.56484375 0.059375 0.071875
1 0.303125 0.57109375 0.075 0.0640625
0 0.2140625 0.565625 0.03125 0.040625
0 0.16796875 0.5640625 0.053125 0.04375
1 0.76796875 0.56796875 0.11875 0.0984375
1 0.36875 0.58125 0.03125 0.040625
0 0.67890625 0.54375 0.05625 0.0546875
1 0.70625 0.56875 0.040625 0.05
1 0.73359375 0.54140625 0.040625 0.05
1 0.36484375 0.5515625 0.046875 0.040625
1 0.85703125 0.3078125 0.075 0.1328125
1 0.8875 0.38828125 0.059375 0.0484375
1 0.90546875 0.3171875 0.0640625 0.1203125
1 0.1125 0.38671875 0.059375 0.08125