0 0.55 0.18359375 0.184375 0.296875
0 0.67578125 0.1640625 0.1 0.328125
0 0.6140625 0.16484375 0.1125 0.321875
0 0.65625 0.55859375 0.11875 0.3640625
0 0.4015625 0.7640625 0.4796875 0.465625
0 0.32578125 0.7734375 0.609375 0.321875
0 0.53046875 0.77265625 0.234375 0.265625
0 0.35703125 0.5140625 0.159375 0.1625
0 0.35390625 0.57734375 0.15625 0.128125
0 0.35859375 0.1875 0.25625 0.1671875
0 0.33359375 0.1203125 0.3984375 0.240625
0 0.65703125 0.86328125 0.05625 0.21875
0 0.51171875 0.57890625 0.1671875 0.3171875