2 0.66953125 0.759375 0.1203125 0.0515625
2 0.4953125 0.771875 0.109375 0.065625
2 0.4109375 0.66484375 0.065625 0.025
2 0.57265625 0.75078125 0.0875 0.0625
2 0.525 0.68828125 0.0953125 0.03125
2 0.60546875 0.77890625 0.10625 0.065625
2 0.33515625 0.615625 0.0828125 0.05625
2 0.6515625 0.80234375 0.090625 0.040625
2 0.78671875 0.68828125 0.2578125 0.0796875
2 0.421875 0.70625 0.0875 0.034375
2 0.83984375 0.59453125 0.190625 0.096875
2 0.23203125 0.3453125 0.2 0.128125
2 0.5265625 0.55 0.646875 0.4234375
2 0.253125 0.53125 0.23125 0.209375