2 0.36796875 0.46640625 0.4453125 0.64375
2 0.36953125 0.8125 0.215625 0.0921875
2 0.51875 0.05546875 0.0953125 0.090625
2 0.115625 0.54921875 0.0515625 0.059375
2 0.4578125 0.1578125 0.246875 0.3078125
2 0.5078125 0.81484375 0.196875 0.36875
2 0.7640625 0.9265625 0.1015625 0.14375
2 0.546875 0.921875 0.125 0.153125
2 0.36875 0.91640625 0.165625 0.1515625
2 0.19765625 0.5703125 0.1078125 0.1546875
2 0.3203125 0.47265625 0.1875 0.203125
2 0.13203125 0.31328125 0.04375 0.103125
2 0.21484375 0.88671875 0.028125 0.11875
2 0.18984375 0.94453125 0.025 0.065625