0 0.728125 0.5890625 0.3 0.253125
0 0.22421875 0.37734375 0.19375 0.3171875
0 0.64765625 0.12734375 0.303125 0.253125
0 0.3734375 0.54140625 0.2296875 0.2546875
0 0.7703125 0.4546875 0.165625 0.15625
0 0.5046875 0.6109375 0.109375 0.09375
0 0.54921875 0.42421875 0.1484375 0.1
0 0.51953125 0.24140625 0.165625 0.21875
0 0.36171875 0.4046875 0.171875 0.1140625
0 0.9671875 0.521875 0.065625 0.13125
0 0.94765625 0.3859375 0.1046875 0.14375
0 0.83828125 0.36328125 0.125 0.090625
0 0.52734375 0.10703125 0.3609375 0.2125
0 0.75 0.3125 0.1109375 0.15
0 0.5125 0.52109375 0.1125 0.140625