2 0.1125 0.51171875 0.1625 0.1234375
2 0.08671875 0.340625 0.08125 0.0953125
2 0.79140625 0.33828125 0.3125 0.165625
2 0.97734375 0.19921875 0.0453125 0.1015625
2 0.46953125 0.26640625 0.26875 0.16875
2 0.925 0.271875 0.15 0.196875
2 0.39140625 0.8 0.13125 0.19375
2 0.76875 0.1875 0.15 0.090625
2 0.30390625 0.8671875 0.096875 0.078125
2 0.5359375 0.75234375 0.1390625 0.1359375
2 0.04296875 0.646875 0.084375 0.1109375
2 0.06953125 0.05625 0.13125 0.103125
2 0.6046875 0.153125 0.0875 0.3046875
2 0.0875 0.7265625 0.0625 0.090625
2 0.25703125 0.75234375 0.0828125 0.059375
2 0.58984375 0.82734375 0.0734375 0.09375
2 0.05625 0.16640625 0.05625 0.05
2 0.19765625 0.37109375 0.053125 0.065625
2 0.7265625 0.4140625 0.06875 0.0953125
2 0.15703125 0.54140625 0.084375 0.0515625
2 0.21953125 0.45859375 0.0375 0.13125
2 0.26015625 0.628125 0.0984375 0.109375
2 0.43984375 0.5609375 0.04375 0.109375
2 0.50703125 0.45625 0.075 0.175
2 0.19296875 0.01953125 0.0484375 0.0390625
2 0.37734375 0.94375 0.05625 0.1
2 0.63125 0.5296875 0.1046875 0.128125
2 0.4953125 0.5984375 0.0703125 0.115625
2 0.98515625 0.646875 0.028125 0.03125
2 0.37421875 0.54453125 0.021875 0.1125
2 0.025 0.69609375 0.05 0.028125
2 0.5484375 0.8578125 0.040625 0.034375
2 0.91875 0.67578125 0.1078125 0.046875
2 0.915625 0.0359375 0.05625 0.0609375
2 0.64375 0.65703125 0.021875 0.125
2 0.62578125 0.634375 0.028125 0.1015625
2 0.46015625 0.934375 0.021875 0.059375
2 0.42578125 0.9515625 0.021875 0.065625
2 0.86171875 0.06171875 0.184375 0.109375
2 0.91171875 0.5125 0.1703125 0.240625
2 0.6078125 0.7234375 0.040625 0.090625
2 0.68203125 0.578125 0.040625 0.0359375
2 0.48515625 0.86875 0.021875 0.040625
2 0.71953125 0.525 0.046875 0.0453125
2 0.61796875 0.83203125 0.009375 0.0828125
2 0.3875 0.0578125 0.13125 0.115625
2 0.3203125 0.434375 0.0359375 0.04375
2 0.1734375 0.28828125 0.0625 0.05625
2 0.696875 0.65234375 0.03125 0.0625
2 0.27265625 0.075 0.0828125 0.15
2 0.97890625 0.31171875 0.040625 0.1
2 0.80390625 0.7359375 0.04375 0.0578125
2 0.20390625 0.8796875 0.096875 0.08125
1 0.23359375 0.2046875 0.03125 0.0796875
2 0.22734375 0.31640625 0.1375 0.221875
2 0.134375 0.11875 0.0796875 0.225
2 0.559375 0.396875 0.0375 0.209375
2 0.54453125 0.49921875 0.06875 0.14375