2 0.82578125 0.44453125 0.084375 0.05625
2 0.68828125 0.79453125 0.0546875 0.0578125
2 0.71015625 0.40703125 0.10625 0.0375
2 0.73671875 0.540625 0.075 0.05625
2 0.675 0.375 0.0265625 0.075
2 0.69140625 0.26640625 0.021875 0.075
2 0.67109375 0.21640625 0.025 0.0625
2 0.7328125 0.49375 0.0796875 0.053125
2 0.5296875 0.66171875 0.0421875 0.1015625
2 0.52421875 0.41328125 0.05625 0.05625
2 0.490625 0.82578125 0.01875 0.0640625
2 0.7015625 0.134375 0.05625 0.046875
2 0.72265625 0.03203125 0.04375 0.0625
2 0.578125 0.3078125 0.0625 0.059375
2 0.50625 0.77265625 0.03125 0.053125
2 0.5453125 0.36640625 0.0875 0.08125
2 0.78984375 0.0515625 0.109375 0.0828125
2 0.54296875 0.2890625 0.0671875 0.05
2 0.85546875 0.275 0.05625 0.103125
2 0.7 0.521875 0.034375 0.0515625
2 0.465625 0.66953125 0.0484375 0.1
2 0.6671875 0.6046875 0.03125 0.046875
2 0.6390625 0.44453125 0.0609375 0.046875
2 0.74375 0.09140625 0.1421875 0.059375
2 0.596875 0.2453125 0.075 0.078125
2 0.5828125 0.1296875 0.021875 0.04375
2 0.790625 0.409375 0.0625 0.078125
2 0.4546875 0.63359375 0.0359375 0.0859375
2 0.8046875 0.85390625 0.053125 0.025
2 0.3234375 0.9375 0.05625 0.096875
2 0.68984375 0.465625 0.0390625 0.0578125
2 0.71953125 0.8203125 0.01875 0.096875
2 0.346875 0.85859375 0.09375 0.121875
2 0.6453125 0.5765625 0.228125 0.046875
2 0.44609375 0.434375 0.053125 0.053125
2 0.63671875 0.14765625 0.08125 0.1
2 0.5484375 0.1515625 0.0515625 0.0671875
2 0.575 0.01484375 0.053125 0.028125
2 0.56953125 0.08046875 0.046875 0.065625
2 0.4609375 0.0578125 0.0296875 0.025
2 0.421875 0.56328125 0.04375 0.040625
2 0.44609375 0.6828125 0.0421875 0.040625
2 0.35703125 0.7703125 0.071875 0.0703125
2 0.30234375 0.803125 0.0546875 0.059375
2 0.44453125 0.821875 0.0734375 0.059375
2 0.4078125 0.7828125 0.0484375 0.05
2 0.453125 0.74140625 0.0515625 0.053125
2 0.46328125 0.78046875 0.053125 0.071875
2 0.5671875 0.63515625 0.0453125 0.05
2 0.484375 0.5859375 0.078125 0.059375
2 0.6640625 0.64609375 0.11875 0.0796875
2 0.66640625 0.5421875 0.040625 0.05
2 0.5453125 0.7171875 0.0640625 0.046875