0 0.51171875 0.37421875 0.0875 0.09375
0 0.83125 0.39609375 0.1578125 0.0875
0 0.45078125 0.3515625 0.071875 0.0953125
0 0.64921875 0.37734375 0.06875 0.1203125
0 0.6046875 0.36640625 0.0375 0.1
0 0.56875 0.35546875 0.05625 0.125
0 0.7171875 0.3828125 0.0765625 0.090625
0 0.2328125 0.4234375 0.0875 0.1
0 0.10546875 0.4203125 0.13125 0.1625
0 0.05546875 0.48671875 0.1109375 0.1140625
0 0.14921875 0.30078125 0.040625 0.05
0 0.1015625 0.29765625 0.040625 0.0375
0 0.2484375 0.340625 0.0921875 0.04375
0 0.16328125 0.33984375 0.0671875 0.0390625
0 0.07421875 0.33828125 0.05 0.040625
0 0.01953125 0.38046875 0.0390625 0.06875
0 0.32734375 0.325 0.0734375 0.028125
0 0.38984375 0.30703125 0.0421875 0.034375
0 0.33671875 0.29296875 0.04375 0.034375
0 0.2875 0.2953125 0.040625 0.0375
0 0.25625 0.29765625 0.0265625 0.025
0 0.2359375 0.2953125 0.021875 0.040625
0 0.2046875 0.30078125 0.03125 0.0375
0 0.1765625 0.2890625 0.028125 0.0375
0 0.0578125 0.28671875 0.065625 0.0484375
0 0.5015625 0.30078125 0.0671875 0.025
0 0.559375 0.28984375 0.05625 0.03125
0 0.9703125 0.28203125 0.05 0.028125
0 0.909375 0.28671875 0.0734375 0.01875
0 0.95546875 0.40546875 0.075 0.0375