2 0.21484375 0.35234375 0.15390625 0.1453125
2 0.35 0.6234375 0.09296875 0.03203125
2 0.540625 0.42734375 0.13203125 0.16171875
2 0.67421875 0.51953125 0.096875 0.2109375
2 0.56875 0.60234375 0.04453125 0.0625
2 0.4828125 0.4546875 0.06171875 0.09375
2 0.8171875 0.54140625 0.0546875 0.04609375
2 0.9015625 0.65 0.0171875 0.0765625
2 0.375 0.65234375 0.1359375 0.09453125
2 0.79765625 0.74140625 0.08671875 0.06640625
2 0.14921875 0.59296875 0.140625 0.06640625
2 0.51796875 0.38671875 0.04921875 0.065625
2 0.33203125 0.4875 0.04296875 0.0515625
2 0.8015625 0.71796875 0.0609375 0.0203125
2 0.30625 0.55 0.0609375 0.1
2 0.265625 0.53125 0.04296875 0.075
2 0.83125 0.5828125 0.0765625 0.046875
2 0.54765625 0.675 0.065625 0.04375
2 0.8625 0.73828125 0.209375 0.0921875
2 0.68203125 0.7046875 0.109375 0.16171875
2 0.90546875 0.490625 0.0296875 0.0625
2 0.9296875 0.559375 0.03984375 0.05
2 0.12890625 0.5453125 0.0359375 0.0359375
2 0.40234375 0.3515625 0.08046875 0.11875
2 0.92890625 0.61328125 0.04609375 0.03203125
2 0.7625 0.67734375 0.04375 0.01953125
2 0.83046875 0.64140625 0.06328125 0.06328125
2 0.20546875 0.4859375 0.11171875 0.15859375
2 0.45546875 0.60234375 0.06484375 0.1703125
2 0.54921875 0.6171875 0.10703125 0.14375
2 0.61796875 0.53125 0.13046875 0.1203125
2 0.67421875 0.69375 0.22421875 0.18671875
2 0.7859375 0.6125 0.09296875 0.1671875
2 0.92578125 0.6234375 0.1484375 0.2015625
2 0.3734375 0.44453125 0.15859375 0.16171875