0 0.48828125 0.37421875 0.0875 0.09375
0 0.16875 0.39609375 0.1578125 0.0875
0 0.54921875 0.3515625 0.071875 0.0953125
0 0.35078125 0.37734375 0.0703125 0.1203125
0 0.3953125 0.36640625 0.0390625 0.1
0 0.43125 0.35546875 0.05625 0.125
0 0.2828125 0.3828125 0.0765625 0.090625
0 0.7671875 0.4234375 0.0875 0.1
0 0.89453125 0.4203125 0.13125 0.1625
0 0.94453125 0.48671875 0.1109375 0.1140625
0 0.85078125 0.30078125 0.040625 0.05
0 0.8984375 0.29765625 0.040625 0.0375
0 0.7515625 0.340625 0.0921875 0.04375
0 0.83671875 0.33984375 0.0671875 0.0390625
0 0.92578125 0.33828125 0.05 0.040625
0 0.98046875 0.38046875 0.0375 0.06875
0 0.67265625 0.325 0.0734375 0.028125
0 0.61015625 0.30703125 0.0421875 0.034375
0 0.66328125 0.29296875 0.04375 0.034375
0 0.7125 0.2953125 0.040625 0.0375
0 0.74375 0.29765625 0.0265625 0.025
0 0.7640625 0.2953125 0.021875 0.040625
0 0.7953125 0.30078125 0.03125 0.0375
0 0.8234375 0.2890625 0.028125 0.0375
0 0.9421875 0.28671875 0.065625 0.0484375
0 0.4984375 0.30078125 0.0671875 0.025
0 0.440625 0.28984375 0.05625 0.03125
0 0.0296875 0.28203125 0.05 0.028125
0 0.090625 0.28671875 0.0734375 0.01875
0 0.04453125 0.40546875 0.075 0.0375