2 0.6578125 0.53671875 0.15625 0.1421875
2 0.44609375 0.4125 0.175 0.16875
2 0.47265625 0.34453125 0.10625 0.075
2 0.590625 0.6734375 0.11875 0.065625
2 0.43515625 0.5671875 0.153125 0.14375
2 0.4859375 0.8125 0.10625 0.125
2 0.7015625 0.65 0.140625 0.1125
2 0.55703125 0.44453125 0.134375 0.1609375
2 0.36015625 0.3640625 0.140625 0.14375
2 0.4328125 0.4265625 0.2078125 0.18125
2 0.49296875 0.70234375 0.184375 0.11875
2 0.27890625 0.23671875 0.090625 0.0625
2 0.30703125 0.31796875 0.134375 0.121875
2 0.26328125 0.90859375 0.15 0.128125
2 0.50078125 0.92109375 0.084375 0.1515625