2 0.5703125 0.5140625 0.053125 0.04375
2 0.33046875 0.5640625 0.06875 0.03125
2 0.5375 0.37421875 0.040625 0.028125
2 0.49921875 0.578125 0.06875 0.05
2 0.4875 0.375 0.05625 0.0375
2 0.425 0.33046875 0.075 0.0515625
2 0.54921875 0.715625 0.0375 0.0234375
2 0.48984375 0.4203125 0.075 0.0375
2 0.4875 0.49140625 0.075 0.028125
2 0.55390625 0.675 0.034375 0.0375
2 0.57734375 0.965625 0.053125 0.05
2 0.390625 0.45234375 0.0640625 0.053125
2 0.46640625 0.4515625 0.0875 0.034375
2 0.41015625 0.209375 0.06875 0.04375
2 0.39765625 0.93203125 0.040625 0.065625
2 0.38828125 0.62265625 0.0734375 0.0328125
2 0.48828125 0.2421875 0.065625 0.0296875
2 0.3015625 0.2765625 0.065625 0.05
2 0.31015625 0.3375 0.0546875 0.05625
2 0.52578125 0.6203125 0.05625 0.05
2 0.54609375 0.75703125 0.046875 0.059375
2 0.3578125 0.14375 0.04375 0.028125
2 0.40546875 0.85234375 0.146875 0.021875
2 0.5828125 0.68515625 0.028125 0.0265625
2 0.47734375 0.21328125 0.0546875 0.034375
2 0.57109375 0.7765625 0.025 0.046875
2 0.5109375 0.67265625 0.053125 0.028125
2 0.30859375 0.21953125 0.046875 0.034375
2 0.58359375 0.60234375 0.053125 0.0359375
2 0.496875 0.3 0.059375 0.0234375
2 0.54296875 0.57890625 0.0453125 0.040625
2 0.465625 0.9125 0.046875 0.0484375
2 0.4171875 0.7359375 0.053125 0.0484375
2 0.603125 0.85546875 0.03125 0.0265625
2 0.33203125 0.59140625 0.0703125 0.053125
2 0.5 0.3203125 0.05 0.025
2 0.3640625 0.31171875 0.05 0.0375
2 0.54453125 0.48828125 0.0375 0.03125
2 0.46796875 0.54375 0.065625 0.0390625
2 0.4390625 0.1875 0.0375 0.03125
2 0.51484375 0.71796875 0.0375 0.0546875
2 0.60703125 0.48359375 0.0640625 0.046875
2 0.61171875 0.90390625 0.040625 0.05
2 0.52890625 0.46953125 0.0421875 0.025
2 0.271875 0.23125 0.05625 0.034375
2 0.421875 0.2890625 0.05 0.0375
2 0.40234375 0.52890625 0.0640625 0.0453125
2 0.440625 0.6828125 0.0421875 0.0421875
2 0.353125 0.228125 0.034375 0.040625
2 0.296875 0.12578125 0.0546875 0.04375
2 0.3671875 0.775 0.065625 0.04375
2 0.578125 0.87578125 0.025 0.0375
2 0.58359375 0.3390625 0.0359375 0.0296875
2 0.584375 0.3109375 0.025 0.028125
2 0.44375 0.615625 0.0484375 0.046875
2 0.5625 0.83671875 0.01875 0.040625
2 0.3671875 0.728125 0.05625 0.046875
2 0.58203125 0.3703125 0.028125 0.025
2 0.42734375 0.17109375 0.0359375 0.01875
2 0.46015625 0.840625 0.04375 0.0578125
2 0.50859375 0.78828125 0.05625 0.025
2 0.45234375 0.71796875 0.059375 0.0390625
2 0.55078125 0.4078125 0.04375 0.040625
2 0.39296875 0.13984375 0.025 0.01875
2 0.503125 0.52734375 0.05625 0.040625
2 0.53203125 0.9265625 0.0375 0.0375
2 0.2859375 0.49375 0.046875 0.040625
2 0.384375 0.1796875 0.059375 0.0375
2 0.509375 0.975 0.0453125 0.028125
2 0.28359375 0.1703125 0.0578125 0.028125
2 0.25 0.88515625 0.040625 0.071875
2 0.42109375 0.88203125 0.059375 0.0453125
2 0.45625 0.9796875 0.0484375 0.0359375
2 0.58203125 0.8015625 0.021875 0.0453125
2 0.290625 0.778125 0.0890625 0.0546875
2 0.44921875 0.946875 0.05 0.034375
2 0.496875 0.28515625 0.05 0.015625
2 0.5421875 0.85703125 0.0296875 0.05625
2 0.3125 0.4546875 0.0375 0.05625
2 0.4359375 0.7921875 0.059375 0.028125
2 0.51015625 0.8828125 0.034375 0.053125
2 0.5421875 0.303125 0.034375 0.0375
2 0.39375 0.68515625 0.04375 0.04375
2 0.2859375 0.95625 0.06875 0.05
2 0.31953125 0.1 0.053125 0.040625
2 0.2609375 0.83046875 0.06875 0.0375
2 0.34375 0.88359375 0.071875 0.021875
2 0.37109375 0.98828125 0.065625 0.0234375
2 0.278125 0.534375 0.05625 0.0609375
2 0.35859375 0.69765625 0.046875 0.028125
2 0.49453125 0.8265625 0.03125 0.025
2 0.3078125 0.05078125 0.0203125 0.0125
2 0.2796875 0.4 0.0484375 0.05625
2 0.6046875 0.76875 0.0265625 0.021875
2 0.3671875 0.86875 0.034375 0.0375
2 0.35546875 0.80703125 0.06875 0.053125
2 0.47265625 0.8140625 0.028125 0.025
2 0.3265625 0.2359375 0.0296875 0.040625
2 0.23046875 0.96796875 0.1109375 0.0640625
2 0.521875 0.83984375 0.0296875 0.03125
2 0.3375 0.921875 0.08125 0.03125
2 0.3625 0.05234375 0.01875 0.01875
2 0.23671875 0.1703125 0.040625 0.0515625
2 0.528125 0.2625 0.0328125 0.0390625
2 0.6140625 0.88203125 0.04375 0.028125
2 0.2953125 0.87265625 0.059375 0.015625
2 0.2015625 0.715625 0.025 0.0921875
2 0.2953125 0.2484375 0.028125 0.03125
2 0.20390625 0.66015625 0.01875 0.046875
2 0.33515625 0.659375 0.065625 0.0453125
2 0.209375 0.33515625 0.053125 0.0625
2 0.20078125 0.390625 0.046875 0.0359375
2 0.3828125 0.365625 0.06875 0.059375
2 0.4921875 0.94765625 0.078125 0.046875
2 0.5703125 0.4234375 0.0578125 0.0671875
2 0.29765625 0.190625 0.096875 0.0484375
2 0.33359375 0.41484375 0.0828125 0.034375
2 0.40703125 0.41484375 0.059375 0.0390625
2 0.41640625 0.48984375 0.0625 0.0328125
2 0.34296875 0.4953125 0.046875 0.0375
2 0.5796875 0.64609375 0.040625 0.040625
2 0.30859375 0.71015625 0.065625 0.05