1 0.753125 0.61875 0.228125 0.225
1 0.2296875 0.5609375 0.1 0.1875
1 0.50625 0.6671875 0.1359375 0.109375
1 0.478125 0.7546875 0.1140625 0.1171875
1 0.415625 0.6890625 0.05625 0.04375
1 0.9265625 0.559375 0.146875 0.14375
1 0.9046875 0.62578125 0.08125 0.109375
1 0.8015625 0.421875 0.159375 0.1015625
1 0.37265625 0.4203125 0.0953125 0.175
1 0.634375 0.18984375 0.06875 0.0703125
1 0.6421875 0.378125 0.14375 0.240625
1 0.9671875 0.5703125 0.0421875 0.096875
1 0.52890625 0.2765625 0.103125 0.128125
1 0.503125 0.40078125 0.178125 0.165625
1 0.3890625 0.2796875 0.0640625 0.1140625
1 0.3859375 0.62734375 0.103125 0.159375
1 0.18828125 0.74375 0.121875 0.1109375
1 0.16171875 0.4578125 0.0921875 0.1234375
1 0.10546875 0.50234375 0.115625 0.128125
1 0.0921875 0.4140625 0.140625 0.1125
1 0.2703125 0.29375 0.0765625 0.078125
1 0.44453125 0.24296875 0.0875 0.1140625
1 0.665625 0.25078125 0.0328125 0.0234375
1 0.76328125 0.3421875 0.1234375 0.1046875
1 0.90625 0.40390625 0.0875 0.090625
1 0.97578125 0.4046875 0.0484375 0.1375
1 0.953125 0.403125 0.0484375 0.09375
1 0.309375 0.79375 0.09375 0.1125
1 0.39453125 0.7953125 0.115625 0.125
1 0.55 0.77734375 0.0734375 0.059375
1 0.15234375 0.5890625 0.1 0.1078125
1 0.90078125 0.75078125 0.109375 0.0859375
1 0.64296875 0.76875 0.3125 0.084375
1 0.0421875 0.69609375 0.084375 0.084375
1 0.040625 0.48984375 0.065625 0.096875
1 0.3140625 0.60546875 0.13125 0.10625
1 0.4828125 0.5203125 0.190625 0.15625
1 0.19609375 0.4015625 0.1015625 0.121875
1 0.61328125 0.528125 0.165625 0.1390625
1 0.74140625 0.48359375 0.1 0.1171875
1 0.81953125 0.5328125 0.125 0.1421875
1 0.12578125 0.95546875 0.1375 0.0890625
1 0.28828125 0.97109375 0.05 0.0578125
1 0.22265625 0.98984375 0.034375 0.0203125
1 0.76015625 0.903125 0.025 0.021875