1 0.028125 0.8140625 0.05546875 0.0875
2 0.55859375 0.584375 0.35390625 0.11640625
2 0.609375 0.38828125 0.05234375 0.0765625
2 0.8421875 0.36875 0.24765625 0.05234375
2 0.7953125 0.33671875 0.1625 0.028125
2 0.228125 0.2375 0.2046875 0.1296875
2 0.45234375 0.41015625 0.1203125 0.06875
2 0.02734375 0.2453125 0.0546875 0.09609375
2 0.78828125 0.4234375 0.19453125 0.0859375
2 0.24453125 0.1796875 0.2578125 0.07421875
2 0.5296875 0.2234375 0.21171875 0.034375
2 0.8765625 0.69375 0.246875 0.0796875
2 0.13984375 0.48671875 0.2796875 0.06015625
2 0.21875 0.60703125 0.1203125 0.04296875
2 0.29296875 0.42578125 0.09375 0.03984375
2 0.61171875 0.5125 0.11953125 0.08125
1 0.3578125 0.64453125 0.015625 0.015625
1 0.11171875 0.853125 0.04765625 0.08203125
1 0.021875 0.56484375 0.040625 0.040625
1 0.02734375 0.74140625 0.02890625 0.0234375
2 0.015625 0.15 0.0171875 0.20859375
1 0.7953125 0.95546875 0.02734375 0.0390625
1 0.25859375 0.8125 0.0703125 0.06640625
1 0.07578125 0.4296875 0.05546875 0.046875
1 0.45703125 0.77265625 0.05625 0.0390625
1 0.3453125 0.8984375 0.0171875 0.0125
1 0.05703125 0.521875 0.0375 0.028125
1 0.08984375 0.74296875 0.02421875 0.025
2 0.51484375 0.790625 0.15625 0.21640625
1 0.41953125 0.67421875 0.02109375 0.0328125
1 0.1765625 0.571875 0.0328125 0.0296875
1 0.9234375 0.67421875 0.03125 0.0234375
1 0.25625 0.7328125 0.03515625 0.0265625
1 0.3453125 0.709375 0.02265625 0.0328125
1 0.1328125 0.653125 0.04296875 0.03125
1 0.096875 0.57265625 0.03125 0.03125
1 0.04140625 0.7828125 0.015625 0.0203125
2 0.4640625 0.46875 0.10625 0.084375
1 0.1515625 0.5828125 0.021875 0.02734375
2 0.22265625 0.91953125 0.03984375 0.103125
1 0.33984375 0.9640625 0.015625 0.0296875
1 0.26953125 0.69609375 0.00859375 0.01796875
1 0.375 0.7625 0.06953125 0.08828125
2 0.5109375 0.15546875 0.0375 0.0828125
2 0.3703125 0.3453125 0.24453125 0.12265625
2 0.5125 0.321875 0.18359375 0.1640625
2 0.6765625 0.33125 0.12734375 0.10390625
2 0.17421875 0.3578125 0.13046875 0.090625