2 0.47734375 0.4046875 0.18359375 0.13125
2 0.2703125 0.3484375 0.16796875 0.15390625
2 0.58515625 0.2578125 0.17109375 0.08125
2 0.44375 0.21328125 0.13984375 0.12734375
2 0.73359375 0.41015625 0.0359375 0.05625
2 0.63984375 0.3734375 0.07734375 0.12109375
2 0.77890625 0.3453125 0.0890625 0.07578125
2 0.740625 0.48984375 0.090625 0.05546875
2 0.6890625 0.34296875 0.0515625 0.0546875
2 0.94296875 0.53046875 0.0703125 0.0765625
2 0.19453125 0.34140625 0.075 0.04765625
2 0.9671875 0.6421875 0.06328125 0.15703125
2 0.7109375 0.43046875 0.02734375 0.04375
2 0.74140625 0.54140625 0.0734375 0.04921875
2 0.12734375 0.44921875 0.13671875 0.115625
2 0.6921875 0.484375 0.03828125 0.053125
2 0.8375 0.4890625 0.071875 0.05703125
2 0.41796875 0.56328125 0.090625 0.09609375
2 0.05390625 0.50078125 0.1046875 0.09375
2 0.778125 0.4453125 0.0265625 0.04609375
2 0.26796875 0.61328125 0.1015625 0.1515625
2 0.0453125 0.21953125 0.078125 0.05703125
2 0.690625 0.52890625 0.0296875 0.03828125
2 0.9203125 0.4265625 0.07734375 0.05078125
2 0.903125 0.64609375 0.034375 0.07109375
2 0.84609375 0.39375 0.08359375 0.046875
2 0.80546875 0.43515625 0.021875 0.0375
2 0.9390625 0.46484375 0.1078125 0.071875
2 0.896875 0.5546875 0.028125 0.06015625
2 0.91953125 0.57109375 0.03046875 0.04453125
2 0.784375 0.58828125 0.02734375 0.09140625
2 0.72265625 0.58515625 0.03515625 0.0734375
2 0.52265625 0.55625 0.0640625 0.1015625
2 0.40078125 0.27265625 0.0359375 0.0453125
2 0.0515625 0.57421875 0.0515625 0.10078125
2 0.58984375 0.58984375 0.07890625 0.1140625
2 0.884375 0.6203125 0.01640625 0.03359375
2 0.7796875 0.28984375 0.10390625 0.03203125
2 0.865625 0.43671875 0.01796875 0.02109375
2 0.6546875 0.5625 0.053125 0.08203125
2 0.83125 0.43984375 0.02890625 0.0265625
2 0.4140625 0.3171875 0.0203125 0.02421875
2 0.90703125 0.509375 0.02890625 0.03046875
2 0.17734375 0.53515625 0.15703125 0.1265625
3 0.00703125 0.159375 0.01328125 0.09921875
2 0.71640625 0.51875 0.03125 0.0390625
2 0.35703125 0.5625 0.02265625 0.02890625
2 0.42421875 0.51484375 0.02578125 0.0265625
2 0.4625 0.6453125 0.16484375 0.109375
2 0.62265625 0.4765625 0.07421875 0.07265625
2 0.48359375 0.40625 0.18125 0.14375
2 0.26953125 0.49765625 0.1375 0.1484375
2 0.7484375 0.3234375 0.14296875 0.1140625