2 0.42578125 0.38515625 0.06875 0.1
2 0.353125 0.34375 0.03125 0.0375
2 0.628125 0.3984375 0.1015625 0.090625
2 0.3765625 0.5796875 0.0625 0.128125
2 0.5421875 0.44296875 0.0890625 0.1484375
2 0.59921875 0.33359375 0.096875 0.1125
2 0.54375 0.34296875 0.0625 0.04375
2 0.1875 0.4859375 0.08125 0.0203125
2 0.159375 0.41484375 0.05625 0.05
2 0.0453125 0.60703125 0.046875 0.071875
2 0.54140625 0.39609375 0.05 0.0640625
2 0.81953125 0.3421875 0.059375 0.0953125
2 0.50234375 0.5046875 0.15625 0.24375
2 0.359375 0.375 0.03125 0.05
2 0.95390625 0.27890625 0.0921875 0.05625
2 0.284375 0.415625 0.028125 0.0375
2 0.4703125 0.35546875 0.05 0.03125
2 0.825 0.40234375 0.090625 0.21875
2 0.40859375 0.3546875 0.028125 0.040625
2 0.2234375 0.44609375 0.1203125 0.0828125
2 0.11640625 0.4953125 0.10625 0.0671875
2 0.3734375 0.45703125 0.0375 0.0625
2 0.3296875 0.78515625 0.034375 0.2234375
2 0.77421875 0.32265625 0.046875 0.0828125
2 0.3859375 0.3765625 0.0421875 0.065625
2 0.09140625 0.60390625 0.0375 0.084375
2 0.76328125 0.4625 0.0421875 0.05
2 0.41953125 0.43046875 0.05 0.0671875
2 0.753125 0.3109375 0.0453125 0.0625
2 0.31171875 0.378125 0.0375 0.059375
2 0.496875 0.36953125 0.05 0.03125
2 0.33203125 0.690625 0.0375 0.090625
2 0.82890625 0.51484375 0.0203125 0.1359375
2 0.23359375 0.4203125 0.0171875 0.03125
2 0.9015625 0.2796875 0.0421875 0.05
2 0.75859375 0.36171875 0.0296875 0.0375
2 0.7359375 0.34375 0.0203125 0.0375