2 0.875 0.31484375 0.1 0.128125
2 0.57734375 0.84765625 0.203125 0.3046875
2 0.78515625 0.31640625 0.15 0.2859375
2 0.76875 0.62421875 0.1 0.190625
2 0.2921875 0.378125 0.09375 0.1359375
2 0.42734375 0.71015625 0.190625 0.1265625
2 0.3609375 0.83671875 0.096875 0.075
2 0.671875 0.58125 0.1828125 0.371875
2 0.59609375 0.8921875 0.1390625 0.215625
2 0.3375 0.375 0.0359375 0.225
2 0.75234375 0.09921875 0.1203125 0.1515625
2 0.47265625 0.5546875 0.16875 0.11875
2 0.8609375 0.1984375 0.1125 0.1
2 0.87109375 0.8109375 0.103125 0.15625
2 0.815625 0.0359375 0.0296875 0.05625
2 0.51640625 0.69609375 0.190625 0.3171875
2 0.40390625 0.9375 0.1203125 0.125