2 0.259375 0.52421875 0.203125 0.234375
2 0.4109375 0.5484375 0.0953125 0.3390625
2 0.52109375 0.57421875 0.059375 0.3515625
2 0.63125 0.52890625 0.121875 0.240625
2 0.61875 0.32578125 0.065625 0.2828125
2 0.5109375 0.315625 0.0359375 0.215625
2 0.4515625 0.3171875 0.0390625 0.15625
2 0.440625 0.1921875 0.0921875 0.109375
2 0.37734375 0.3328125 0.046875 0.096875
2 0.565625 0.92109375 0.0875 0.1546875
2 0.303125 0.821875 0.090625 0.24375
2 0.67890625 0.796875 0.075 0.38125
2 0.81328125 0.6140625 0.1 0.078125
2 0.83125 0.51484375 0.128125 0.084375
2 0.678125 0.36796875 0.078125 0.0875
2 0.74921875 0.5078125 0.078125 0.103125
2 0.8625 0.946875 0.2 0.084375
2 0.49453125 0.31796875 0.015625 0.1765625
2 0.5359375 0.2046875 0.0734375 0.1109375