0 0.50625 0.27734375 0.259375 0.2859375
0 0.55390625 0.58984375 0.3078125 0.3953125
0 0.5703125 0.82421875 0.2125 0.19375
0 0.30390625 0.1453125 0.078125 0.11875
0 0.3359375 0.4453125 0.0734375 0.15625
0 0.36484375 0.5578125 0.1359375 0.1359375
0 0.4140625 0.3140625 0.109375 0.146875
0 0.2640625 0.44140625 0.0390625 0.05
0 0.3390625 0.3140625 0.046875 0.15
0 0.475 0.14921875 0.125 0.084375
0 0.29375 0.32265625 0.053125 0.146875
0 0.45234375 0.70546875 0.03125 0.1
0 0.28046875 0.49609375 0.096875 0.1140625
0 0.2390625 0.4625 0.0640625 0.0953125
0 0.26796875 0.4078125 0.0671875 0.0765625
0 0.70390625 0.56328125 0.084375 0.2609375
0 0.784375 0.846875 0.103125 0.30625
0 0.6703125 0.29921875 0.10625 0.2234375
0 0.74765625 0.56875 0.103125 0.2953125