1 0.53515625 0.490625 0.16640625 0.1453125
1 0.478125 0.2890625 0.1203125 0.2328125
1 0.4078125 0.46328125 0.109375 0.10859375
1 0.53515625 0.490625 0.16640625 0.1453125
1 0.478125 0.2890625 0.1203125 0.2328125
1 0.4078125 0.46328125 0.109375 0.10859375
1 0.15703125 0.6109375 0.12265625 0.09453125
1 0.2515625 0.66640625 0.046875 0.0625
1 0.28359375 0.6328125 0.03828125 0.03125
1 0.21875 0.59765625 0.0609375 0.0515625
1 0.22421875 0.53125 0.04609375 0.034375
1 0.2578125 0.48125 0.0125 0.0328125
1 0.665625 0.70546875 0.05078125 0.04453125
1 0.75078125 0.65859375 0.0734375 0.04453125
1 0.80390625 0.72109375 0.07421875 0.04921875
1 0.93359375 0.7890625 0.05703125 0.04609375
1 0.91484375 0.63828125 0.03984375 0.04921875
1 0.86171875 0.628125 0.05234375 0.01328125
1 0.81796875 0.6125 0.0859375 0.0515625
1 0.74609375 0.55078125 0.09765625 0.16875
1 0.8015625 0.559375 0.0359375 0.025
1 0.75234375 0.70234375 0.0296875 0.0296875
1 0.28671875 0.8390625 0.04921875 0.028125
1 0.48828125 0.73359375 0.1625 0.12421875
1 0.41484375 0.68828125 0.1625 0.12421875
1 0.39375 0.634375 0.03125 0.04140625
1 0.3546875 0.590625 0.14609375 0.165625
1 0.2765625 0.58046875 0.03984375 0.03984375
1 0.3125 0.48359375 0.09921875 0.084375
1 0.3265625 0.4234375 0.05859375 0.0328125
1 0.38359375 0.375 0.053125 0.04296875
1 0.61015625 0.2375 0.0296875 0.06484375
1 0.56953125 0.24453125 0.053125 0.04296875
1 0.71328125 0.23359375 0.0421875 0.06796875
1 0.6390625 0.24609375 0.01875 0.03671875
1 0.4125 0.21484375 0.0359375 0.04609375
1 0.26796875 0.38125 0.04921875 0.025
1 0.665625 0.64140625 0.053125 0.05625
1 0.559375 0.6203125 0.11171875 0.12890625
1 0.45546875 0.60625 0.0609375 0.04453125
1 0.6171875 0.56484375 0.040625 0.10390625