3 0.334375 0.2828125 0.1828125 0.14375
3 0.8828125 0.33671875 0.14375 0.1671875
0 0.38203125 0.5453125 0.6234375 0.2078125
0 0.27578125 0.396875 0.196875 0.1546875
0 0.5625 0.22578125 0.0375 0.0515625
0 0.60859375 0.2234375 0.04375 0.05
0 0.6109375 0.175 0.04375 0.05
0 0.64921875 0.17578125 0.04375 0.04375
0 0.65390625 0.22421875 0.03125 0.04375
0 0.69296875 0.22421875 0.0421875 0.046875
0 0.73515625 0.2328125 0.040625 0.03125
0 0.89296875 0.23125 0.04375 0.0265625
0 0.94140625 0.2125 0.0296875 0.025
0 0.89453125 0.2078125 0.028125 0.025
0 0.78203125 0.2328125 0.04375 0.0265625
2 0.61796875 0.36015625 0.23125 0.1765625
0 0.6375 0.4234375 0.14375 0.128125
2 0.9484375 0.49921875 0.0875 0.0546875
0 0.97421875 0.21015625 0.040625 0.015625
0 0.04296875 0.30546875 0.084375 0.071875
0 0.8078125 0.2140625 0.0296875 0.040625
0 0.74296875 0.20546875 0.028125 0.034375
0 0.04609375 0.38359375 0.0890625 0.040625
2 0.6234375 0.5078125 0.053125 0.0390625
0 0.040625 0.44375 0.08125 0.0359375
0 0.03671875 0.47265625 0.071875 0.034375
0 0.85078125 0.21484375 0.053125 0.021875
0 0.77578125 0.2015625 0.034375 0.028125
0 0.0421875 0.34921875 0.084375 0.040625
0 0.04765625 0.41171875 0.0953125 0.0328125
0 0.0390625 0.5609375 0.078125 0.146875