2 0.328125 0.725 0.0625 0.09140625
2 0.63203125 0.4421875 0.0984375 0.05078125
2 0.6328125 0.4046875 0.09296875 0.03515625
2 0.3921875 0.725 0.0453125 0.06328125
2 0.49921875 0.5984375 0.10859375 0.16953125
2 0.4484375 0.615625 0.034375 0.07265625
2 0.4359375 0.4171875 0.090625 0.0734375
2 0.20859375 0.65078125 0.04921875 0.0984375
2 0.78828125 0.546875 0.071875 0.02890625
2 0.2859375 0.71328125 0.05078125 0.12578125
2 0.55234375 0.4 0.04375 0.01875
2 0.259375 0.80546875 0.06953125 0.121875
2 0.7828125 0.609375 0.0390625 0.08671875
2 0.65859375 0.48359375 0.0515625 0.05546875
2 0.5515625 0.49921875 0.01796875 0.028125
2 0.5734375 0.71796875 0.071875 0.0984375
2 0.43125 0.38046875 0.1015625 0.0328125
2 0.41484375 0.62109375 0.04140625 0.05078125
2 0.92734375 0.50390625 0.1453125 0.07421875
2 0.25390625 0.55703125 0.0546875 0.06484375
2 0.17578125 0.821875 0.10390625 0.1484375
2 0.621875 0.3625 0.0296875 0.059375
2 0.3609375 0.53046875 0.01484375 0.028125
2 0.52265625 0.36640625 0.01875 0.0828125
2 0.17734375 0.7390625 0.06171875 0.0640625
2 0.45 0.575 0.01796875 0.03046875
2 0.8 0.52578125 0.04453125 0.02109375
2 0.42734375 0.49765625 0.01875 0.05234375
2 0.6359375 0.67890625 0.07109375 0.07421875
2 0.39375 0.6671875 0.0609375 0.0375
2 0.73046875 0.53515625 0.01328125 0.01953125
2 0.68125 0.52734375 0.02890625 0.0578125
2 0.72578125 0.5484375 0.0140625 0.02109375
2 0.3171875 0.67578125 0.05859375 0.0484375
2 0.76875 0.45 0.01171875 0.04375
2 0.37421875 0.546875 0.06484375 0.075
2 0.47734375 0.48515625 0.04453125 0.034375
2 0.77890625 0.49140625 0.0359375 0.040625
2 0.30625 0.57734375 0.025 0.02890625
2 0.70546875 0.571875 0.04921875 0.03984375
2 0.2953125 0.465625 0.0546875 0.09375
2 0.6046875 0.49921875 0.05 0.0796875
2 0.39140625 0.43828125 0.01484375 0.02734375
2 0.25234375 0.7234375 0.02265625 0.03515625
2 0.7515625 0.55078125 0.0203125 0.04765625
2 0.9796875 0.47578125 0.0375 0.02578125
2 0.6546875 0.6328125 0.01953125 0.03046875
2 0.2265625 0.615625 0.01484375 0.02265625
2 0.81953125 0.57421875 0.02578125 0.02890625
2 0.296875 0.609375 0.05703125 0.05625
2 0.3421875 0.61484375 0.06015625 0.08515625
2 0.3140625 0.55234375 0.05 0.0546875
2 0.3640625 0.4375 0.05234375 0.0546875
2 0.49375 0.40703125 0.07734375 0.14140625
2 0.70546875 0.43671875 0.04609375 0.05625
2 0.74296875 0.52734375 0.059375 0.12265625
2 0.79921875 0.5828125 0.0609375 0.07734375
2 0.58203125 0.60390625 0.0625 0.08515625
2 0.6234375 0.571875 0.04453125 0.05859375
2 0.59140625 0.44609375 0.09765625 0.0578125
2 0.56640625 0.49921875 0.08359375 0.12109375
2 0.42578125 0.7109375 0.04140625 0.05625
2 0.4703125 0.6921875 0.06015625 0.1015625
2 0.52734375 0.73359375 0.07109375 0.0578125
2 0.30859375 0.8078125 0.0515625 0.0859375