2 0.78046875 0.57109375 0.228125 0.1203125
2 0.38515625 0.46875 0.1375 0.0375
2 0.41640625 0.53515625 0.18125 0.16875
2 0.58828125 0.76484375 0.134375 0.05625
2 0.42109375 0.26796875 0.0859375 0.040625
2 0.79375 0.4796875 0.18125 0.0875
2 0.2609375 0.49296875 0.071875 0.046875
2 0.225 0.715625 0.0640625 0.0578125
2 0.28984375 0.82890625 0.109375 0.175
2 0.109375 0.54453125 0.21875 0.0640625
2 0.28984375 0.396875 0.1125 0.03125
2 0.3609375 0.22265625 0.059375 0.0671875
2 0.0984375 0.7296875 0.078125 0.2
2 0.2953125 0.23203125 0.0625 0.05625
2 0.896875 0.70078125 0.040625 0.03125
2 0.1015625 0.65625 0.203125 0.096875
2 0.1703125 0.88046875 0.084375 0.0359375
2 0.22109375 0.803125 0.059375 0.025
2 0.77421875 0.89609375 0.1875 0.14375
2 0.4859375 0.246875 0.090625 0.05625
2 0.88828125 0.96171875 0.06875 0.06875
2 0.5546875 0.38203125 0.05 0.1515625
2 0.2625 0.271875 0.125 0.05
2 0.70546875 0.7234375 0.05 0.075
2 0.6640625 0.7796875 0.1 0.0390625
2 0.5296875 0.20703125 0.03125 0.06875
2 0.20234375 0.08671875 0.0875 0.05625
2 0.4734375 0.90390625 0.084375 0.140625
2 0.56171875 0.91796875 0.05625 0.034375
2 0.86015625 0.91171875 0.05625 0.0359375
2 0.15703125 0.6296875 0.0859375 0.03125
2 0.0265625 0.790625 0.053125 0.034375
2 0.9234375 0.63046875 0.090625 0.0578125
2 0.459375 0.4921875 0.0765625 0.053125
2 0.94609375 0.7328125 0.05 0.04375
2 0.48515625 0.6375 0.053125 0.1515625
2 0.58359375 0.434375 0.01875 0.065625
2 0.1640625 0.24375 0.1 0.071875
2 0.8875 0.765625 0.04375 0.06875
2 0.36796875 0.91953125 0.0625 0.1375
2 0.91875 0.9203125 0.025 0.0765625
2 0.5375 0.6703125 0.04375 0.1
2 0.95703125 0.9796875 0.0703125 0.040625
2 0.925 0.4515625 0.0328125 0.0625
2 0.6453125 0.93515625 0.05 0.084375
2 0.3109375 0.434375 0.159375 0.0734375
2 0.6203125 0.51171875 0.15 0.196875
2 0.4328125 0.3984375 0.128125 0.0890625
2 0.3859375 0.6140625 0.121875 0.134375
2 0.58125 0.70859375 0.1671875 0.109375
2 0.3203125 0.25390625 0.40625 0.0796875