0 0.27890625 0.86953125 0.1671875 0.225
0 0.28515625 0.33984375 0.21875 0.2484375
0 0.33203125 0.66953125 0.184375 0.16875
0 0.48203125 0.575 0.1875 0.1125
0 0.2609375 0.50078125 0.2046875 0.10625
0 0.48671875 0.446875 0.190625 0.1
0 0.4328125 0.38828125 0.075 0.103125
0 0.490625 0.38828125 0.0796875 0.071875
0 0.3859375 0.596875 0.1078125 0.08125
0 0.37421875 0.228125 0.275 0.0734375
1 0.45390625 0.1453125 0.034375 0.0375
1 0.53203125 0.1078125 0.0125 0.021875
1 0.54609375 0.0671875 0.0125 0.015625
1 0.79296875 0.10078125 0.0328125 0.021875
1 0.80625 0.159375 0.0625 0.0671875
1 0.78984375 0.1203125 0.0328125 0.025
1 0.77421875 0.16875 0.0375 0.028125
1 0.79765625 0.19921875 0.0375 0.0296875
1 0.76796875 0.19609375 0.040625 0.04375
1 0.8046875 0.21875 0.0296875 0.015625
1 0.7640625 0.22890625 0.040625 0.015625