0 0.79140625 0.56875 0.28671875 0.2484375
0 0.25 0.5046875 0.34453125 0.34921875
0 0.71796875 0.35625 0.2375 0.24609375
0 0.3734375 0.3015625 0.1296875 0.12109375
0 0.58203125 0.52265625 0.22890625 0.23515625
0 0.571875 0.21484375 0.12421875 0.30078125
0 0.45234375 0.26015625 0.0546875 0.27578125
0 0.57265625 0.321875 0.2265625 0.13046875
0 0.40703125 0.67734375 0.1921875 0.1671875
0 0.5421875 0.678125 0.06796875 0.16171875
0 0.7609375 0.76796875 0.08828125 0.15390625
0 0.40390625 0.45234375 0.05078125 0.23984375