0 0.55 0.81640625 0.184375 0.296875
0 0.67578125 0.8359375 0.1 0.328125
0 0.6140625 0.83515625 0.1125 0.321875
0 0.65625 0.44140625 0.11875 0.3640625
0 0.4015625 0.2359375 0.4796875 0.465625
0 0.32578125 0.2265625 0.609375 0.321875
0 0.53046875 0.22734375 0.234375 0.265625
0 0.35703125 0.4859375 0.159375 0.1625
0 0.35390625 0.42265625 0.15625 0.128125
0 0.35859375 0.8125 0.25625 0.1671875
0 0.33359375 0.8796875 0.3984375 0.240625
0 0.65703125 0.13671875 0.05625 0.21875
0 0.51171875 0.42109375 0.1671875 0.3171875