2 0.9125 0.75 0.175 0.2328125
2 0.53984375 0.18515625 0.1 0.146875
2 0.54921875 0.88828125 0.15 0.2234375
2 0.51171875 0.5078125 0.1171875 0.046875
2 0.13046875 0.39453125 0.2421875 0.19375
2 0.428125 0.6875 0.1296875 0.0796875
2 0.59921875 0.20234375 0.0453125 0.1921875
2 0.23046875 0.821875 0.175 0.1921875
2 0.759375 0.515625 0.115625 0.1421875
2 0.75 0.2828125 0.09375 0.059375
2 0.371875 0.2453125 0.11875 0.18125
2 0.60703125 0.5546875 0.084375 0.065625
2 0.140625 0.3046875 0.140625 0.040625
2 0.703125 0.71015625 0.165625 0.028125
2 0.36796875 0.1796875 0.0890625 0.071875
2 0.2796875 0.36015625 0.1703125 0.221875
2 0.69921875 0.0921875 0.1078125 0.18125
2 0.90078125 0.51171875 0.184375 0.0921875
2 0.246875 0.2515625 0.06875 0.1125
2 0.753125 0.7390625 0.1484375 0.053125
2 0.96953125 0.3703125 0.059375 0.03125
2 0.39453125 0.57265625 0.0703125 0.0359375
2 0.88515625 0.375 0.05625 0.0484375
2 0.521875 0.815625 0.0703125 0.04375
2 0.41171875 0.8046875 0.0890625 0.0625
2 0.38359375 0.43203125 0.0828125 0.0765625
2 0.98515625 0.67890625 0.0296875 0.040625
2 0.3109375 0.92578125 0.053125 0.08125
2 0.053125 0.36015625 0.10625 0.0390625
2 0.825 0.28203125 0.015625 0.071875
2 0.81484375 0.16953125 0.1078125 0.0859375
2 0.92734375 0.63359375 0.009375 0.078125
2 0.06171875 0.759375 0.1171875 0.1109375
2 0.28359375 0.76953125 0.078125 0.1
2 0.59609375 0.14140625 0.1046875 0.096875
2 0.415625 0.1875 0.0265625 0.3046875
2 0.534375 0.6859375 0.0375 0.0765625
2 0.3609375 0.9125 0.03125 0.1703125
1 0.70546875 0.34140625 0.009375 0.015625
1 0.8484375 0.453125 0.015625 0.03125
2 0.29375 0.61875 0.071875 0.1109375
2 0.84296875 0.24921875 0.040625 0.021875
2 0.6796875 0.396875 0.0125 0.05625
1 0.7125 0.35234375 0.0125 0.0125
1 0.91015625 0.490625 0.015625 0.025
1 0.76484375 0.45546875 0.0125 0.0171875
2 0.95546875 0.45546875 0.009375 0.0515625
2 0.48203125 0.41640625 0.025 0.034375
1 0.64140625 0.5921875 0.028125 0.028125
1 0.875 0.3359375 0.0109375 0.009375
2 0.64609375 0.4015625 0.0203125 0.0484375
2 0.94765625 0.73046875 0.040625 0.059375
2 0.1609375 0.6609375 0.071875 0.0546875
2 0.940625 0.5921875 0.021875 0.03125