0 0.0421875 0.38125 0.08125 0.1953125
0 0.44765625 0.8046875 0.11875 0.1328125
0 0.31015625 0.41640625 0.1375 0.140625
0 0.39140625 0.73125 0.140625 0.259375
0 0.7796875 0.596875 0.128125 0.0359375
0 0.21171875 0.21484375 0.3109375 0.259375
0 0.584375 0.1546875 0.1171875 0.2578125
0 0.51171875 0.4171875 0.046875 0.6421875
0 0.7328125 0.04453125 0.015625 0.0875
0 0.7390625 0.1390625 0.053125 0.0375
0 0.634375 0.03125 0.1328125 0.05
0 0.91171875 0.0765625 0.1734375 0.153125
0 0.609375 0.07890625 0.1828125 0.121875
0 0.4203125 0.3609375 0.1421875 0.284375
0 0.74296875 0.38515625 0.16875 0.053125
0 0.1796875 0.4734375 0.2578125 0.4671875
0 0.734375 0.665625 0.259375 0.0765625
0 0.64140625 0.7015625 0.1515625 0.06875
0 0.2734375 0.7234375 0.146875 0.1375
0 0.1671875 0.65546875 0.0734375 0.13125
0 0.4359375 0.165625 0.334375 0.15625
0 0.7890625 0.06484375 0.1375 0.1296875
0 0.71953125 0.2390625 0.3203125 0.040625
0 0.9421875 0.3 0.109375 0.209375
0 0.67890625 0.44609375 0.4859375 0.175
0 0.715625 0.55 0.303125 0.1625
0 0.3546875 0.06796875 0.1421875 0.1359375