1 0.184375 0.65625 0.09375 0.171875
1 0.440625 0.43515625 0.08125 0.075
1 0.484375 0.47421875 0.0875 0.0875
1 0.4 0.71171875 0.11875 0.153125
1 0.43203125 0.38046875 0.078125 0.075
1 0.77265625 0.63125 0.0734375 0.075
1 0.8453125 0.6984375 0.165625 0.109375
1 0.2984375 0.65859375 0.1015625 0.121875
1 0.25546875 0.84375 0.2375 0.2703125
1 0.665625 0.48203125 0.06875 0.084375
1 0.64296875 0.525 0.0671875 0.0640625
1 0.75859375 0.703125 0.096875 0.0875
1 0.24765625 0.53046875 0.1390625 0.209375
1 0.50859375 0.55390625 0.096875 0.071875
1 0.575 0.46640625 0.0984375 0.103125
1 0.0875 0.5828125 0.1140625 0.1171875
1 0.49375 0.36015625 0.0640625 0.065625
1 0.62890625 0.7265625 0.10625 0.121875
1 0.36484375 0.3921875 0.065625 0.06875
1 0.30625 0.48046875 0.096875 0.084375
1 0.8546875 0.57734375 0.13125 0.171875
1 0.11875 0.49453125 0.0453125 0.05625
1 0.73828125 0.515625 0.071875 0.1125
1 0.9609375 0.63359375 0.075 0.0453125
1 0.53671875 0.64609375 0.10625 0.1515625
1 0.7171875 0.75546875 0.0609375 0.0484375
1 0.72109375 0.5921875 0.05625 0.0640625
1 0.371875 0.47890625 0.09375 0.0546875
1 0.4921875 0.84375 0.296875 0.209375
1 0.5796875 0.67265625 0.0953125 0.08125
1 0.6359375 0.60390625 0.075 0.115625
1 0.35 0.7609375 0.040625 0.0609375
1 0.36484375 0.52578125 0.134375 0.071875
1 0.4625 0.53515625 0.059375 0.05625
1 0.71015625 0.6453125 0.034375 0.05625
1 0.1140625 0.65625 0.0859375 0.16875
1 0.2890625 0.7328125 0.0640625 0.0546875
1 0.9609375 0.5578125 0.075 0.0421875
1 0.815625 0.5890625 0.078125 0.05625
1 0.58828125 0.521875 0.040625 0.0734375
1 0.26484375 0.40625 0.04375 0.065625
1 0.53203125 0.42578125 0.10625 0.053125
1 0.82421875 0.9203125 0.028125 0.015625
1 0.05078125 0.540625 0.0453125 0.0421875
1 0.58125 0.60625 0.053125 0.0875
1 0.43046875 0.48984375 0.0484375 0.046875