2 0.49140625 0.55078125 0.23125 0.171875
2 0.715625 0.55625 0.2015625 0.3875
2 0.93671875 0.628125 0.11875 0.1140625
2 0.1359375 0.4015625 0.25625 0.2296875
2 0.16015625 0.55390625 0.3171875 0.13125
2 0.28046875 0.55625 0.1203125 0.04375
2 0.56796875 0.69609375 0.1625 0.1375
2 0.853125 0.44296875 0.175 0.0390625
2 0.53125 0.74765625 0.1328125 0.0578125
2 0.3953125 0.38828125 0.11875 0.0765625
2 0.2921875 0.696875 0.1109375 0.04375
2 0.68046875 0.70390625 0.0609375 0.1640625
2 0.33984375 0.24296875 0.0765625 0.271875
2 0.64375 0.25625 0.2078125 0.253125
2 0.81328125 0.6203125 0.103125 0.0421875
2 0.1734375 0.6390625 0.06875 0.084375
2 0.184375 0.709375 0.1625 0.0265625
2 0.81484375 0.53671875 0.1046875 0.0859375
2 0.253125 0.38515625 0.1125 0.1453125
2 0.0859375 0.01875 0.1265625 0.0359375
2 0.4484375 0.06640625 0.04375 0.1296875
2 0.184375 0.04453125 0.0921875 0.04375
2 0.77578125 0.7890625 0.0828125 0.0703125
2 0.284375 0.1453125 0.2078125 0.0921875
2 0.9328125 0.465625 0.05 0.04375
2 0.196875 0.73984375 0.0796875 0.028125
2 0.06015625 0.6671875 0.10625 0.0484375
2 0.40078125 0.68359375 0.1 0.159375
2 0.47265625 0.50078125 0.1015625 0.3109375
2 0.334375 0.4484375 0.096875 0.1671875