2 0.2078125 0.5625 0.24375 0.275
2 0.371875 0.79140625 0.13125 0.4140625
2 0.48359375 0.66328125 0.090625 0.175
2 0.3890625 0.2296875 0.10625 0.184375
2 0.0453125 0.509375 0.090625 0.13125
2 0.10546875 0.4171875 0.125 0.13125
2 0.546875 0.56953125 0.08125 0.0453125
2 0.5859375 0.3140625 0.134375 0.05
2 0.92734375 0.3421875 0.1171875 0.05625
2 0.89296875 0.30078125 0.0796875 0.0328125
2 0.871875 0.24375 0.08125 0.040625
2 0.21015625 0.33046875 0.08125 0.1125
2 0.95625 0.23046875 0.059375 0.06875
2 0.7875 0.3984375 0.109375 0.028125
2 0.05625 0.7546875 0.1125 0.028125
2 0.128125 0.30546875 0.090625 0.121875
2 0.1125 0.2390625 0.1546875 0.059375
2 0.940625 0.51328125 0.06875 0.090625
2 0.08203125 0.31953125 0.034375 0.028125
2 0.2953125 0.3734375 0.0625 0.0921875
2 0.934375 0.43125 0.1296875 0.0796875
2 0.503125 0.1109375 0.078125 0.08125
2 0.8515625 0.22265625 0.059375 0.03125
2 0.0453125 0.7953125 0.090625 0.040625
2 0.6453125 0.653125 0.06875 0.04375
2 0.6265625 0.07734375 0.075 0.1546875
2 0.0390625 0.36171875 0.071875 0.059375
2 0.0265625 0.4109375 0.053125 0.04375
2 0.71796875 0.4734375 0.053125 0.0390625
2 0.2734375 0.2140625 0.075 0.0875
2 0.10703125 0.3421875 0.025 0.01875
2 0.6140625 0.4640625 0.115625 0.1546875
2 0.2265625 0.29765625 0.0375 0.0296875
2 0.7234375 0.51171875 0.103125 0.078125
2 0.7625 0.30078125 0.1 0.034375
2 0.40703125 0.4859375 0.090625 0.096875
2 0.8953125 0.3984375 0.053125 0.046875
2 0.88359375 0.34375 0.05 0.028125
2 0.7453125 0.24296875 0.0578125 0.0421875
2 0.58359375 0.79609375 0.0703125 0.378125
2 0.778125 0.596875 0.053125 0.03125
2 0.365625 0.3859375 0.053125 0.0984375
2 0.0515625 0.3234375 0.03125 0.0234375
2 0.53984375 0.275 0.059375 0.0484375
2 0.7125 0.61328125 0.05625 0.04375
2 0.31796875 0.4578125 0.06875 0.09375
2 0.05390625 0.3 0.01875 0.01875
2 0.63359375 0.70234375 0.0375 0.046875
3 0.37734375 0.075 0.0609375 0.146875
2 0.01796875 0.46328125 0.034375 0.05625
2 0.8171875 0.15859375 0.01875 0.09375
2 0.78828125 0.33203125 0.025 0.065625
3 0.590625 0.065625 0.0453125 0.128125
2 0.16640625 0.7421875 0.096875 0.134375
2 0.10078125 0.72578125 0.084375 0.134375
2 0.1375 0.675 0.140625 0.140625
2 0.7015625 0.228125 0.171875 0.16875
2 0.81953125 0.39609375 0.14375 0.3453125
2 0.62890625 0.3609375 0.15 0.434375