2 0.46640625 0.63203125 0.64375 0.4453125
2 0.8125 0.63046875 0.090625 0.215625
2 0.05546875 0.48125 0.090625 0.0953125
2 0.54921875 0.884375 0.059375 0.0515625
2 0.1578125 0.5421875 0.3078125 0.246875
2 0.81484375 0.4921875 0.36875 0.196875
2 0.9265625 0.2359375 0.14375 0.1015625
2 0.921875 0.453125 0.153125 0.125
2 0.91640625 0.63125 0.1515625 0.165625
2 0.5703125 0.80234375 0.1546875 0.1078125
2 0.47265625 0.6796875 0.203125 0.1875
2 0.31328125 0.86796875 0.103125 0.04375
2 0.88671875 0.78515625 0.11875 0.028125
2 0.94453125 0.81015625 0.065625 0.025