2 0.55546875 0.48828125 0.2796875 0.253125
2 0.5875 0.31015625 0.14375 0.05625
2 0.5421875 0.390625 0.1953125 0.084375
2 0.92421875 0.38828125 0.05625 0.1421875
2 0.203125 0.61484375 0.109375 0.225
2 0.28828125 0.484375 0.10625 0.103125
2 0.578125 0.75546875 0.115625 0.1375
2 0.37265625 0.428125 0.1046875 0.09375
2 0.71171875 0.4421875 0.109375 0.05625
2 0.8078125 0.79765625 0.046875 0.134375
2 0.76484375 0.27890625 0.196875 0.096875
2 0.2984375 0.959375 0.13125 0.078125
2 0.48359375 0.88515625 0.2859375 0.19375
2 0.56484375 0.2046875 0.090625 0.034375
2 0.90703125 0.49921875 0.153125 0.071875
2 0.15703125 0.41171875 0.125 0.0453125
2 0.834375 0.55859375 0.1390625 0.084375
2 0.1015625 0.73125 0.075 0.259375
2 0.5109375 0.2578125 0.11875 0.0375
2 0.70703125 0.234375 0.034375 0.08125
2 0.8015625 0.73203125 0.0625 0.065625
2 0.4125 0.81015625 0.1125 0.034375
2 0.86015625 0.40234375 0.01875 0.096875
2 0.4546875 0.1984375 0.090625 0.059375
2 0.1984375 0.91328125 0.075 0.028125
2 0.95078125 0.346875 0.0984375 0.021875
2 0.26875 0.34765625 0.1125 0.040625
2 0.7796875 0.40078125 0.196875 0.203125
2 0.434375 0.3234375 0.1625 0.1109375
2 0.35625 0.69921875 0.20625 0.5125
2 0.1125 0.89921875 0.2 0.059375