0 0.36171875 0.2 0.09375 0.15625
0 0.58671875 0.9046875 0.0828125 0.1171875
0 0.3171875 0.3171875 0.084375 0.16875
0 0.28984375 0.56640625 0.053125 0.13125
0 0.4953125 0.47890625 0.221875 0.4125
0 0.3078125 0.69453125 0.0625 0.16875
0 0.4125 0.67734375 0.0640625 0.13125
0 0.41328125 0.0859375 0.1109375 0.171875
0 0.4328125 0.85078125 0.078125 0.175
0 0.3796875 0.8671875 0.0484375 0.125
0 0.325 0.86796875 0.053125 0.121875
0 0.2765625 0.71640625 0.0375 0.15
0 0.44375 0.6125 0.05 0.053125
0 0.45546875 0.359375 0.09375 0.09375
0 0.3859375 0.021875 0.05 0.0375
0 0.53046875 0.4046875 0.0765625 0.0953125
0 0.3640625 0.559375 0.034375 0.08125
0 0.5734375 0.05390625 0.1328125 0.10625
0 0.49921875 0.02265625 0.0171875 0.04375
0 0.384375 0.05390625 0.0515625 0.0375
0 0.3671875 0.63828125 0.0359375 0.084375
0 0.38046875 0.3421875 0.2234375 0.4265625
0 0.61328125 0.6578125 0.03125 0.515625
0 0.3296875 0.7140625 0.1046875 0.21875