0 0.165625 0.8296875 0.0421875 0.053125
0 0.3796875 0.68515625 0.090625 0.078125
0 0.38203125 0.31328125 0.128125 0.2234375
0 0.071875 0.15234375 0.140625 0.2546875
0 0.3078125 0.659375 0.0515625 0.075
0 0.5390625 0.659375 0.09375 0.10625
0 0.51171875 0.5203125 0.125 0.2515625
0 0.59609375 0.49140625 0.1328125 0.15
0 0.36875 0.24140625 0.0546875 0.1
0 0.46328125 0.27265625 0.065625 0.096875
0 0.53984375 0.35625 0.059375 0.09375
0 0.54453125 0.85625 0.06875 0.096875
0 0.58515625 0.79140625 0.115625 0.153125
0 0.65546875 0.81328125 0.084375 0.1359375
0 0.653125 0.7140625 0.13125 0.1984375
0 0.678125 0.60234375 0.0953125 0.4125
0 0.2703125 0.17890625 0.1796875 0.103125