0 0.28671875 0.409375 0.39375 0.18125
0 0.41328125 0.17578125 0.31875 0.296875
1 0.625 0.6125 0.1125 0.075
1 0.5765625 0.5453125 0.0578125 0.015625
1 0.55 0.525 0.0609375 0.028125
1 0.5796875 0.5640625 0.059375 0.015625
1 0.5953125 0.53203125 0.05 0.028125
1 0.55078125 0.64453125 0.028125 0.06875
1 0.51640625 0.60859375 0.084375 0.053125
1 0.4734375 0.5234375 0.165625 0.15
0 0.40234375 0.678125 0.1375 0.271875
0 0.32109375 0.5671875 0.18125 0.184375
0 0.1734375 0.52890625 0.16875 0.134375
0 0.33359375 0.34609375 0.33125 0.14375
1 0.94921875 0.66484375 0.1 0.1125
1 0.87890625 0.3546875 0.0625 0.0890625
1 0.69765625 0.834375 0.0109375 0.0296875
1 0.62890625 0.23046875 0.05625 0.053125
1 0.51953125 0.4328125 0.021875 0.025