2 0.740625 0.47578125 0.203125 0.234375
2 0.5890625 0.4515625 0.0953125 0.3390625
2 0.47890625 0.42578125 0.059375 0.3515625
2 0.36875 0.47109375 0.121875 0.240625
2 0.38125 0.67421875 0.065625 0.2828125
2 0.4890625 0.684375 0.0359375 0.215625
2 0.5484375 0.6828125 0.0390625 0.15625
2 0.559375 0.8078125 0.0921875 0.109375
2 0.62265625 0.6671875 0.046875 0.096875
2 0.434375 0.07890625 0.0875 0.1546875
2 0.696875 0.178125 0.090625 0.24375
2 0.32109375 0.203125 0.075 0.38125
2 0.18671875 0.3859375 0.1 0.078125
2 0.16875 0.48515625 0.128125 0.084375
2 0.321875 0.63203125 0.078125 0.0875
2 0.25078125 0.4921875 0.078125 0.103125
2 0.1375 0.053125 0.2 0.084375
2 0.50546875 0.68203125 0.015625 0.1765625
2 0.4640625 0.7953125 0.0734375 0.1109375