0 0.8453125 0.62265625 0.203125 0.4828125
0 0.68828125 0.6203125 0.278125 0.4734375
0 0.540625 0.69140625 0.14375 0.253125
0 0.375 0.76171875 0.1 0.1546875
3 0.56171875 0.12734375 0.209375 0.090625
0 0.49765625 0.53359375 0.296875 0.059375
1 0.33046875 0.859375 0.028125 0.0171875
0 0.4734375 0.68515625 0.075 0.0796875
0 0.56875 0.48984375 0.1890625 0.2
0 0.4390625 0.64296875 0.2171875 0.2734375
0 0.140625 0.62265625 0.2375 0.1734375
0 0.40546875 0.41171875 0.15 0.1390625
0 0.28671875 0.49140625 0.1484375 0.1375