2 0.50859375 0.55078125 0.23125 0.171875
2 0.284375 0.55625 0.2015625 0.3875
2 0.06328125 0.628125 0.11875 0.1140625
2 0.8640625 0.4015625 0.25625 0.2296875
2 0.83984375 0.55390625 0.3171875 0.13125
2 0.71953125 0.55625 0.1203125 0.04375
2 0.43203125 0.69609375 0.1625 0.1375
2 0.146875 0.44296875 0.175 0.0390625
2 0.46875 0.74765625 0.1328125 0.0578125
2 0.6046875 0.38828125 0.11875 0.0765625
2 0.7078125 0.696875 0.109375 0.04375
2 0.31953125 0.70390625 0.0609375 0.1640625
2 0.66015625 0.24296875 0.0765625 0.271875
2 0.35625 0.25625 0.2078125 0.253125
2 0.18671875 0.6203125 0.103125 0.0421875
2 0.8265625 0.6390625 0.06875 0.084375
2 0.815625 0.709375 0.1625 0.0265625
2 0.18515625 0.53671875 0.1046875 0.0859375
2 0.746875 0.38515625 0.1125 0.1453125
2 0.9140625 0.01875 0.1265625 0.0359375
2 0.5515625 0.06640625 0.04375 0.1296875
2 0.815625 0.04453125 0.0921875 0.04375
2 0.22421875 0.7890625 0.0828125 0.0703125
2 0.715625 0.1453125 0.2078125 0.0921875
2 0.0671875 0.465625 0.05 0.04375
2 0.803125 0.73984375 0.078125 0.028125
2 0.93984375 0.6671875 0.10625 0.0484375
2 0.59921875 0.68359375 0.1 0.159375
2 0.52734375 0.50078125 0.1015625 0.3109375
2 0.665625 0.4484375 0.096875 0.1671875