0 0.38125 0.13984375 0.190625 0.0625
1 0.253125 0.3046875 0.1703125 0.1765625
0 0.5546875 0.38046875 0.1734375 0.071875
1 0.30078125 0.7796875 0.184375 0.1828125
0 0.57734375 0.48125 0.2390625 0.065625
1 0.71171875 0.540625 0.04375 0.053125
0 0.42109375 0.2546875 0.290625 0.115625
0 0.11640625 0.04453125 0.053125 0.078125
0 0.1125 0.103125 0.040625 0.090625
0 0.603125 0.43203125 0.140625 0.059375
1 0.5296875 0.8578125 0.240625 0.059375
1 0.6421875 0.896875 0.06875 0.0359375
1 0.33671875 0.89453125 0.053125 0.040625
1 0.30390625 0.66953125 0.1203125 0.078125
1 0.3390625 0.49140625 0.0203125 0.040625