1 0.446875 0.70703125 0.1375 0.2828125
1 0.80546875 0.625 0.2015625 0.2046875
1 0.446875 0.70703125 0.1375 0.2828125
1 0.80546875 0.625 0.2015625 0.2046875
1 0.44296875 0.3515625 0.25 0.378125
1 0.32578125 0.57421875 0.090625 0.2796875
1 0.6484375 0.61640625 0.1265625 0.24375
1 0.69921875 0.8625 0.2875 0.2734375
1 0.6984375 0.38046875 0.290625 0.271875
1 0.75234375 0.48828125 0.10625 0.1140625
1 0.6265625 0.46328125 0.11875 0.10625
1 0.5671875 0.60625 0.096875 0.1375
1 0.5796875 0.69296875 0.09375 0.0890625
1 0.55078125 0.725 0.103125 0.1203125
1 0.52734375 0.84453125 0.103125 0.1359375