0 0.31796875 0.6328125 0.0953125 0.075
0 0.8515625 0.08125 0.1109375 0.0703125
0 0.63515625 0.14453125 0.278125 0.246875
0 0.284375 0.06640625 0.28125 0.121875
0 0.20625 0.54296875 0.1859375 0.1796875
0 0.425 0.76328125 0.275 0.1640625
0 0.7796875 0.1046875 0.31875 0.20625
0 0.5109375 0.10234375 0.125 0.0875
0 0.6484375 0.57109375 0.1296875 0.0953125
0 0.4828125 0.19296875 0.078125 0.1484375
0 0.7515625 0.60546875 0.16875 0.2
0 0.1046875 0.6859375 0.1453125 0.084375
0 0.2234375 0.64609375 0.140625 0.1453125
0 0.30703125 0.36171875 0.365625 0.521875
0 0.5046875 0.5890625 0.175 0.28125
0 0.6234375 0.65234375 0.075 0.1125
0 0.6515625 0.446875 0.165625 0.2
0 0.8 0.40078125 0.165625 0.1921875
0 0.72734375 0.284375 0.353125 0.1859375
0 0.6734375 0.80078125 0.2296875 0.19375