0 0.6453125 0.46953125 0.35625 0.409375
0 0.32109375 0.63359375 0.2140625 0.2
0 0.28125 0.36875 0.13125 0.0609375
0 0.3125 0.3265625 0.103125 0.0484375
0 0.38671875 0.33984375 0.053125 0.134375
0 0.54609375 0.67578125 0.16875 0.15625
0 0.39921875 0.73046875 0.146875 0.159375
0 0.44921875 0.53046875 0.1296875 0.128125
0 0.384375 0.51171875 0.13125 0.1109375
0 0.43984375 0.39765625 0.1625 0.128125
0 0.3375 0.44375 0.0984375 0.084375
0 0.446875 0.3125 0.08125 0.0515625
0 0.834375 0.446875 0.078125 0.10625
0 0.659375 0.2734375 0.0875 0.075