0 0.728125 0.4109375 0.3 0.253125
0 0.22421875 0.62265625 0.19375 0.3171875
0 0.64765625 0.87265625 0.303125 0.253125
0 0.3734375 0.45859375 0.2296875 0.2546875
0 0.7703125 0.5453125 0.165625 0.15625
0 0.5046875 0.3890625 0.109375 0.09375
0 0.54921875 0.57578125 0.1484375 0.1
0 0.51953125 0.75859375 0.165625 0.21875
0 0.36171875 0.5953125 0.171875 0.1140625
0 0.9671875 0.478125 0.065625 0.13125
0 0.94765625 0.6140625 0.1046875 0.14375
0 0.83828125 0.63671875 0.125 0.090625
0 0.52734375 0.89296875 0.3609375 0.2125
0 0.75 0.6875 0.1109375 0.15
0 0.5125 0.47890625 0.1125 0.140625