0 0.1546875 0.37734375 0.203125 0.4828125
0 0.31171875 0.3796875 0.278125 0.4734375
0 0.459375 0.30859375 0.14375 0.253125
0 0.625 0.23828125 0.1 0.1546875
3 0.43828125 0.87265625 0.209375 0.090625
0 0.50234375 0.46640625 0.296875 0.059375
1 0.66953125 0.140625 0.028125 0.0171875
0 0.5265625 0.31484375 0.075 0.0796875
0 0.43125 0.51015625 0.1890625 0.2
0 0.5609375 0.35703125 0.2171875 0.2734375
0 0.859375 0.37734375 0.2375 0.171875
0 0.59453125 0.58828125 0.15 0.1390625
0 0.71328125 0.50859375 0.1484375 0.1375