0 0.73046875 0.64921875 0.434375 0.4375
0 0.428125 0.853125 0.4 0.2921875
0 0.40703125 0.5 0.278125 0.3
0 0.34765625 0.16953125 0.321875 0.3390625
0 0.84375 0.27734375 0.246875 0.553125
0 0.55234375 0.3046875 0.2421875 0.609375
0 0.43203125 0.04453125 0.0875 0.0890625
0 0.6875 0.3140625 0.225 0.628125
0 0.40625 0.71015625 0.184375 0.146875
0 0.7359375 0.16953125 0.359375 0.3390625
0 0.5125 0.93671875 0.234375 0.121875
0 0.4765625 0.61171875 0.090625 0.09375
0 0.62109375 0.5765625 0.1078125 0.059375
0 0.87109375 0.7109375 0.1078125 0.0703125