0 0.81796875 0.375 0.2203125 0.21875
0 0.4859375 0.36953125 0.2796875 0.2765625
0 0.11796875 0.44921875 0.2359375 0.265625
0 0.934375 0.5953125 0.13125 0.196875
0 0.45 0.76015625 0.1484375 0.0625
0 0.30234375 0.39921875 0.134375 0.315625
0 0.48828125 0.5234375 0.253125 0.109375
0 0.7390625 0.584375 0.084375 0.046875
2 0.16640625 0.5484375 0.146875 0.0921875
0 0.2921875 0.6734375 0.209375 0.05
0 0.56875 0.6484375 0.296875 0.034375
0 0.946875 0.43203125 0.0796875 0.1765625
0 0.77890625 0.40234375 0.334375 0.240625
0 0.55625 0.56953125 0.334375 0.1390625
0 0.27734375 0.59453125 0.14375 0.121875
0 0.17265625 0.43515625 0.1765625 0.05
0 0.56640625 0.7921875 0.1453125 0.084375
0 0.19140625 0.3671875 0.1109375 0.1578125