2 0.56796875 0.54765625 0.365625 0.2375
2 0.1421875 0.50390625 0.0578125 0.103125
2 0.22109375 0.46875 0.284375 0.2296875
2 0.85234375 0.39453125 0.29375 0.109375
2 0.40625 0.19140625 0.18125 0.16875
2 0.496875 0.47265625 0.240625 0.1125
2 0.8625 0.8421875 0.275 0.315625
2 0.1078125 0.64765625 0.1296875 0.0390625
2 0.346875 0.34296875 0.090625 0.040625
2 0.94296875 0.5984375 0.1140625 0.115625
2 0.0546875 0.82421875 0.046875 0.071875
2 0.21796875 0.403125 0.05 0.05
2 0.11796875 0.39453125 0.06875 0.078125
2 0.77890625 0.78515625 0.125 0.18125
2 0.61015625 0.16171875 0.1140625 0.278125
2 0.528125 0.91953125 0.146875 0.09375
2 0.6453125 0.878125 0.0921875 0.109375
2 0.3625 0.7328125 0.0953125 0.034375
2 0.03828125 0.4421875 0.0765625 0.171875
2 0.771875 0.3296875 0.15 0.059375
2 0.73359375 0.38359375 0.096875 0.046875
2 0.26640625 0.3703125 0.0703125 0.03125
2 0.25 0.11484375 0.221875 0.046875
2 0.44140625 0.384375 0.0515625 0.096875
2 0.3890625 0.8859375 0.11875 0.15
2 0.2921875 0.74375 0.0765625 0.153125
2 0.253125 0.96640625 0.059375 0.05625
2 0.72109375 0.096875 0.109375 0.171875
2 0.71640625 0.91328125 0.1015625 0.146875
2 0.790625 0.5578125 0.1484375 0.20625
2 0.503125 0.86015625 0.1375 0.121875
2 0.58515625 0.6625 0.3078125 0.278125
2 0.56015625 0.4 0.146875 0.2
2 0.409375 0.33046875 0.3296875 0.115625
2 0.6234375 0.35703125 0.1953125 0.16875
2 0.57734375 0.67265625 0.3015625 0.2578125