0 0.590625 0.71328125 0.18125 0.39375
0 0.82421875 0.58671875 0.296875 0.31875
1 0.3875 0.375 0.075 0.1125
1 0.4546875 0.4234375 0.015625 0.0578125
1 0.475 0.45 0.028125 0.0609375
1 0.4359375 0.4203125 0.015625 0.059375
1 0.46796875 0.4046875 0.028125 0.05
1 0.35546875 0.44921875 0.06875 0.028125
1 0.39140625 0.48359375 0.053125 0.084375
1 0.4765625 0.5265625 0.15 0.165625
0 0.321875 0.59765625 0.271875 0.1375
0 0.4328125 0.67890625 0.184375 0.18125
0 0.47109375 0.8265625 0.134375 0.16875
0 0.65390625 0.66640625 0.14375 0.33125
1 0.33515625 0.05078125 0.1125 0.1
1 0.6453125 0.12109375 0.0890625 0.0625
1 0.165625 0.30234375 0.0296875 0.0109375
1 0.76953125 0.37109375 0.053125 0.05625
1 0.5671875 0.48046875 0.025 0.021875