0 0.2328125 0.55859375 0.175 0.26875
0 0.89609375 0.5875 0.20703125 0.14375
0 0.10390625 0.68203125 0.2078125 0.3734375
0 0.946875 0.64140625 0.1 0.0625
0 0.71796875 0.4453125 0.18515625 0.1140625
0 0.70859375 0.54296875 0.1703125 0.1140625
0 0.384375 0.259375 0.0609375 0.06953125
0 0.33515625 0.28515625 0.04453125 0.0171875
0 0.478125 0.26640625 0.103125 0.0640625
0 0.5609375 0.4015625 0.13203125 0.0796875
0 0.4453125 0.4421875 0.12890625 0.01875
0 0.3328125 0.425 0.03359375 0.04765625
0 0.39765625 0.4109375 0.03984375 0.04453125
0 0.3640625 0.42578125 0.02890625 0.021875
1 0.37890625 0.3375 0.0671875 0.021875