2 0.94921875 0.22109375 0.09453125 0.065625
2 0.8640625 0.4890625 0.115625 0.03671875
2 0.0703125 0.08984375 0.1390625 0.08671875
2 0.778125 0.29375 0.1875 0.20546875
2 0.73125 0.26015625 0.075 0.05078125
2 0.090625 0.32109375 0.08828125 0.021875
2 0.40078125 0.475 0.165625 0.115625
2 0.58125 0.4140625 0.1640625 0.0796875
2 0.24765625 0.66484375 0.2765625 0.29765625
2 0.0265625 0.4765625 0.05234375 0.0765625
2 0.88984375 0.14296875 0.04375 0.0671875
2 0.45 0.18359375 0.0375 0.08828125
2 0.16328125 0.37734375 0.04765625 0.05078125
2 0.29453125 0.31484375 0.10390625 0.0484375
2 0.55546875 0.3390625 0.134375 0.053125
2 0.39375 0.32265625 0.1140625 0.04765625
2 0.53828125 0.80546875 0.08046875 0.01875
2 0.5359375 0.20546875 0.09609375 0.06484375
2 0.928125 0.93359375 0.0203125 0.09453125
2 0.8265625 0.103125 0.065625 0.0640625
2 0.23203125 0.3671875 0.13359375 0.109375
2 0.040625 0.24140625 0.0203125 0.25234375
2 0.11484375 0.4234375 0.04140625 0.02265625
2 0.00859375 0.5125 0.0171875 0.0734375
2 0.05546875 0.771875 0.10859375 0.084375
2 0.234375 0.2890625 0.0328125 0.10078125
2 0.53203125 0.06328125 0.0359375 0.09609375
2 0.29140625 0.25078125 0.1265625 0.05703125
2 0.95234375 0.5171875 0.0953125 0.090625
2 0.06953125 0.44921875 0.1265625 0.11171875
2 0.0578125 0.575 0.1109375 0.1296875
2 0.7703125 0.12578125 0.059375 0.0703125
2 0.078125 0.7390625 0.0640625 0.03125
2 0.41328125 0.2734375 0.121875 0.0609375
2 0.57890625 0.10703125 0.16875 0.03515625
2 0.625 0.19140625 0.07421875 0.0546875
2 0.603125 0.87734375 0.065625 0.08515625
2 0.821875 0.03359375 0.03984375 0.06015625
2 0.67890625 0.61953125 0.1640625 0.134375
2 0.72578125 0.80234375 0.13359375 0.378125
2 0.19609375 0.66875 0.03359375 0.02734375
2 0.16640625 0.83203125 0.03203125 0.12578125
2 0.89296875 0.03671875 0.06328125 0.03515625
2 0.95 0.6203125 0.1 0.11875
2 0.6890625 0.2015625 0.05625 0.0515625
2 0.86875 0.9 0.0125 0.05234375
2 0.4015625 0.95703125 0.1 0.0859375
2 0.871875 0.9890625 0.0671875 0.02109375
2 0.084375 0.3765625 0.04765625 0.02578125
2 0.8546875 0.56640625 0.10859375 0.1390625
2 0.2671875 0.48515625 0.05 0.08046875
2 0.97265625 0.9328125 0.028125 0.0875
2 0.246875 0.21640625 0.05859375 0.05546875
2 0.65625 0.890625 0.0625 0.21015625
2 0.76015625 0.5484375 0.0796875 0.146875
2 0.74375 0.340625 0.196875 0.09921875
2 0.740625 0.47109375 0.15859375 0.10546875
2 0.40390625 0.37890625 0.21171875 0.17890625
2 0.61953125 0.5890625 0.21171875 0.24296875