0 0.40234375 0.52578125 0.134375 0.240625
0 0.6453125 0.43203125 0.1625 0.24375
0 0.640625 0.6703125 0.24375 0.403125
0 0.20078125 0.8296875 0.2328125 0.265625
0 0.45078125 0.7734375 0.1375 0.25
0 0.50390625 0.3296875 0.075 0.1875
0 0.59765625 0.87890625 0.046875 0.196875
3 0.1265625 0.93046875 0.1125 0.1390625
3 0.153125 0.1734375 0.2984375 0.3375
0 0.3203125 0.4578125 0.05625 0.065625
0 0.52578125 0.42890625 0.11875 0.090625
3 0.12265625 0.53203125 0.16875 0.2
0 0.53828125 0.89921875 0.071875 0.0875
0 0.60390625 0.2875 0.028125 0.09375
0 0.35859375 0.52734375 0.05625 0.11875
0 0.68203125 0.82421875 0.128125 0.0453125
0 0.4203125 0.95625 0.0625 0.0875
0 0.478125 0.16328125 0.05 0.3265625
0 0.36171875 0.259375 0.075 0.08125
0 0.390625 0.9546875 0.0125 0.05625
0 0.55859375 0.340625 0.090625 0.0328125
0 0.41328125 0.325 0.071875 0.178125
0 0.66171875 0.23828125 0.0890625 0.14375