2 0.50859375 0.44921875 0.23203125 0.171875
2 0.284375 0.44375 0.2015625 0.38671875
2 0.06328125 0.371875 0.11875 0.1140625
2 0.8640625 0.5984375 0.25546875 0.2296875
2 0.83984375 0.44609375 0.3171875 0.13046875
2 0.71953125 0.44375 0.1203125 0.04453125
2 0.43203125 0.30390625 0.16328125 0.1375
2 0.146875 0.55703125 0.175 0.0390625
2 0.46875 0.25234375 0.1328125 0.0578125
2 0.6046875 0.61171875 0.11875 0.0765625
2 0.7078125 0.303125 0.11015625 0.04453125
2 0.31953125 0.29609375 0.0609375 0.1640625
2 0.66015625 0.75703125 0.07578125 0.27265625
2 0.35625 0.74375 0.20703125 0.25390625
2 0.18671875 0.3796875 0.10390625 0.0421875
2 0.8265625 0.3609375 0.06875 0.08515625
2 0.815625 0.290625 0.1625 0.0265625
2 0.18515625 0.46328125 0.1046875 0.0859375
2 0.746875 0.61484375 0.1125 0.1453125
2 0.9140625 0.98125 0.1265625 0.0359375
2 0.5515625 0.93359375 0.04375 0.1296875
2 0.815625 0.95546875 0.09140625 0.04296875
2 0.22421875 0.2109375 0.0828125 0.0703125
2 0.715625 0.8546875 0.2078125 0.0921875
2 0.0671875 0.534375 0.05078125 0.04375
2 0.803125 0.26015625 0.07890625 0.028125
2 0.93984375 0.3328125 0.10546875 0.0484375
2 0.59921875 0.31640625 0.10078125 0.16015625
2 0.52734375 0.49921875 0.1015625 0.3109375
2 0.665625 0.5515625 0.09765625 0.1671875