2 0.4203125 0.27578125 0.025 0.0390625
2 0.4421875 0.26953125 0.0265625 0.053125
2 0.36796875 0.13828125 0.03515625 0.02421875
2 0.5 0.215625 0.04453125 0.03828125
2 0.3484375 0.16796875 0.03359375 0.034375
2 0.7015625 0.23828125 0.040625 0.040625
2 0.2796875 0.221875 0.04140625 0.0265625
2 0.040625 0.25703125 0.03515625 0.03046875
2 0.3984375 0.14453125 0.03046875 0.0203125
2 0.36796875 0.36953125 0.05 0.1171875
2 0.1296875 0.2421875 0.046875 0.04140625
2 0.0828125 0.10078125 0.03984375 0.04765625
2 0.2625 0.38125 0.04375 0.0390625
2 0.09609375 0.2484375 0.03515625 0.03984375
2 0.221875 0.13359375 0.01640625 0.0515625
2 0.6984375 0.2015625 0.053125 0.0484375
2 0.39296875 0.171875 0.021875 0.0375
2 0.503125 0.196875 0.04453125 0.03828125
2 0.1296875 0.075 0.021875 0.01796875
2 0.61953125 0.1515625 0.028125 0.021875
2 0.5046875 0.16796875 0.01796875 0.02109375
2 0.44296875 0.21328125 0.0390625 0.046875
2 0.39921875 0.378125 0.04765625 0.1296875
2 0.2453125 0.1171875 0.03203125 0.0421875
2 0.3421875 0.40625 0.0703125 0.0953125
2 0.38359375 0.4375 0.04453125 0.05625
2 0.73359375 0.18828125 0.03359375 0.02578125
2 0.34609375 0.11484375 0.03203125 0.034375
2 0.59453125 0.4203125 0.05625 0.08671875
2 0.7703125 0.2421875 0.0640625 0.065625
2 0.5125 0.31171875 0.0484375 0.09296875
2 0.57734375 0.2671875 0.07578125 0.03359375
2 0.49453125 0.415625 0.05859375 0.13203125
2 0.6765625 0.16484375 0.03828125 0.04375
2 0.60703125 0.20078125 0.09140625 0.10078125
2 0.38125 0.3 0.0453125 0.07109375
2 0.05078125 0.1546875 0.05390625 0.0703125
2 0.621875 0.3765625 0.07421875 0.14140625
2 0.28203125 0.14765625 0.0171875 0.04453125
2 0.71015625 0.278125 0.04140625 0.05625
2 0.01640625 0.19453125 0.0328125 0.025
2 0.41640625 0.584375 0.07109375 0.10625
2 0.32265625 0.19375 0.02578125 0.0390625
2 0.55234375 0.4765625 0.06015625 0.03984375
2 0.403125 0.28984375 0.034375 0.07734375
2 0.32109375 0.09765625 0.04921875 0.0171875
2 0.38125 0.534375 0.03203125 0.065625
2 0.73515625 0.234375 0.04609375 0.05859375
2 0.15859375 0.21796875 0.03671875 0.059375
2 0.46015625 0.30390625 0.04140625 0.1234375
2 0.37890625 0.17578125 0.0328125 0.0453125
2 0.371875 0.19140625 0.0125 0.0359375
2 0.421875 0.2375 0.0359375 0.0390625
2 0.26015625 0.1671875 0.02109375 0.04921875
2 0.2140625 0.1 0.01328125 0.05
2 0.33671875 0.28359375 0.05234375 0.08046875
2 0.68515625 0.29609375 0.0359375 0.10625
2 0.74453125 0.41875 0.06328125 0.06171875
2 0.02265625 0.16953125 0.0421875 0.034375
2 0.76015625 0.21015625 0.03515625 0.028125
2 0.165625 0.09453125 0.04375 0.02109375
2 0.54921875 0.35078125 0.08125 0.03828125
2 0.3015625 0.14140625 0.0328125 0.04453125
2 0.915625 0.34296875 0.04375 0.04453125
2 0.23515625 0.4421875 0.053125 0.03984375
2 0.575 0.53671875 0.10625 0.06328125
2 0.43515625 0.36796875 0.04140625 0.153125
2 0.11640625 0.13125 0.03515625 0.0421875
2 0.63203125 0.471875 0.08046875 0.0890625
2 0.203125 0.22890625 0.03125 0.03671875
2 0.7078125 0.3828125 0.059375 0.05703125
2 0.58984375 0.503125 0.021875 0.06328125
2 0.6625 0.34296875 0.028125 0.10625
2 0.53515625 0.42109375 0.03046875 0.03828125
2 0.2046875 0.15390625 0.04765625 0.0265625
2 0.36484375 0.6390625 0.03203125 0.12421875
2 0.853125 0.3640625 0.09453125 0.065625
2 0.4625 0.5921875 0.0640625 0.08203125
2 0.8 0.21171875 0.03671875 0.040625
2 0.709375 0.503125 0.07734375 0.07421875
2 0.84921875 0.24921875 0.0375 0.04453125
2 0.30546875 0.30234375 0.02578125 0.0203125
2 0.73359375 0.334375 0.0296875 0.0671875
2 0.8703125 0.33046875 0.04921875 0.09765625
2 0.31796875 0.43515625 0.03984375 0.06953125
2 0.34375 0.46875 0.04609375 0.0703125
2 0.771875 0.4125 0.05546875 0.125
2 0.54609375 0.58125 0.04296875 0.0796875
2 0.06328125 0.21796875 0.02890625 0.0625
2 0.35703125 0.49375 0.04375 0.06875
2 0.7875 0.34375 0.06171875 0.10390625
2 0.290625 0.45390625 0.0296875 0.046875
2 0.0296875 0.11328125 0.0546875 0.0609375
2 0.1671875 0.1328125 0.02578125 0.0203125
2 0.60390625 0.31796875 0.0234375 0.07421875
2 0.56328125 0.509375 0.03515625 0.03828125
2 0.87578125 0.271875 0.03359375 0.04296875
2 0.4109375 0.178125 0.0296875 0.0375
2 0.61796875 0.58515625 0.096875 0.0515625
2 0.29140625 0.51953125 0.065625 0.06171875
2 0.446875 0.18046875 0.0359375 0.02734375
2 0.6078125 0.34765625 0.04296875 0.04140625
2 0.55703125 0.31484375 0.06484375 0.059375
2 0.2953125 0.1171875 0.009375 0.05625
2 0.8078125 0.4890625 0.05625 0.0234375
2 0.478125 0.35 0.04921875 0.140625
2 0.8 0.1828125 0.04140625 0.0609375
2 0.2546875 0.54765625 0.0390625 0.04296875
2 0.559375 0.6328125 0.1078125 0.04609375
2 0.83046875 0.44375 0.0609375 0.0765625
2 0.91015625 0.38828125 0.025 0.053125
2 0.3484375 0.59921875 0.03125 0.12890625
2 0.909375 0.3078125 0.05 0.03671875
2 0.71328125 0.45234375 0.0890625 0.096875
2 0.2078125 0.425 0.046875 0.0671875
2 0.3921875 0.66640625 0.0234375 0.0875
2 0.22578125 0.63515625 0.08125 0.075
2 0.1609375 0.5484375 0.05 0.1109375
2 0.1265625 0.58359375 0.0328125 0.0921875
2 0.1875 0.45703125 0.084375 0.0671875
2 0.10390625 0.5875 0.0390625 0.103125
2 0.06015625 0.26875 0.040625 0.009375
2 0.0375 0.09296875 0.03125 0.03984375
2 0.15 0.16171875 0.02734375 0.065625
2 0.23828125 0.515625 0.09765625 0.03828125
2 0.01328125 0.284375 0.02578125 0.0125
2 0.75078125 0.30703125 0.05234375 0.10234375
2 0.30234375 0.56640625 0.03046875 0.02890625
2 0.12109375 0.10390625 0.05234375 0.0265625
2 0.25625 0.34375 0.03671875 0.0359375
2 0.615625 0.53125 0.0421875 0.02265625
2 0.63359375 0.29921875 0.02421875 0.07421875
2 0.3 0.34765625 0.05390625 0.04453125
2 0.00625 0.16953125 0.0125 0.02890625
2 0.24765625 0.58515625 0.0703125 0.0453125
2 0.1640625 0.48671875 0.0328125 0.0328125
2 0.08984375 0.0453125 0.12734375 0.0515625
2 0.0109375 0.05859375 0.021875 0.0359375
2 0.76171875 0.6703125 0.02734375 0.07109375
2 0.80703125 0.5125 0.0796875 0.0234375
2 0.540625 0.2375 0.13671875 0.04140625
2 0.62890625 0.246875 0.08671875 0.090625
2 0.45703125 0.51484375 0.13984375 0.08125
2 0.3328125 0.59140625 0.053125 0.14375