0 0.865625 0.56328125 0.1875 0.365625
0 0.14140625 0.3640625 0.2703125 0.1703125
0 0.53984375 0.2328125 0.2984375 0.209375
0 0.52890625 0.30546875 0.2125 0.128125
1 0.715625 0.7421875 0.04375 0.03125
1 0.278125 0.76171875 0.03125 0.0125
0 0.8546875 0.7625 0.05 0.115625
1 0.65 0.74296875 0.046875 0.025
1 0.18125 0.7625 0.021875 0.015625
0 0.43125 0.54765625 0.146875 0.075
1 0.1453125 0.76328125 0.0453125 0.0203125
1 0.24765625 0.7625 0.021875 0.015625
1 0.6953125 0.74453125 0.0375 0.028125
0 0.41015625 0.4546875 0.203125 0.15625
0 0.1796875 0.40390625 0.34375 0.2328125
0 0.80546875 0.621875 0.071875 0.421875