1 0.6828125 0.4390625 0.1765625 0.190625
1 0.46875 0.21875 0.184375 0.196875
1 0.33046875 0.11875 0.153125 0.146875
1 0.6421875 0.19296875 0.196875 0.18125
1 0.5796875 0.50546875 0.203125 0.26875
1 0.5390625 0.81640625 0.2046875 0.271875
1 0.378125 0.33515625 0.1 0.140625
1 0.70625 0.06640625 0.1390625 0.1328125
1 0.55078125 0.078125 0.18125 0.153125
1 0.64453125 0.31328125 0.125 0.078125
1 0.3203125 0.19375 0.0875 0.084375
1 0.63359375 0.921875 0.075 0.0609375
1 0.70703125 0.95703125 0.1328125 0.0859375
1 0.69375 0.80078125 0.1171875 0.190625
1 0.715625 0.68984375 0.125 0.36875
1 0.41484375 0.59609375 0.1921875 0.25625
1 0.36015625 0.4375 0.096875 0.115625
1 0.47265625 0.3921875 0.165625 0.1578125