2 0.88203125 0.15390625 0.01875 0.0421875
2 0.6890625 0.33828125 0.01875 0.040625
2 0.3796875 0.2390625 0.0375 0.0296875
2 0.7859375 0.2296875 0.0375 0.046875
2 0.76953125 0.24296875 0.034375 0.0390625
2 0.7671875 0.27890625 0.03125 0.0625
2 0.62265625 0.2796875 0.025 0.0546875
2 0.56875 0.28125 0.0328125 0.0671875
2 0.7859375 0.14296875 0.04375 0.0609375
2 0.84453125 0.2546875 0.025 0.046875
2 0.79609375 0.346875 0.021875 0.015625
2 0.87265625 0.20703125 0.034375 0.03125
2 0.84765625 0.1796875 0.0265625 0.05
2 0.8375 0.1375 0.034375 0.040625
2 0.8953125 0.21484375 0.0265625 0.0328125
2 0.68203125 0.234375 0.046875 0.0515625
2 0.66015625 0.32265625 0.01875 0.040625
2 0.3734375 0.32578125 0.053125 0.040625
2 0.43515625 0.33203125 0.040625 0.046875
2 0.459375 0.2171875 0.028125 0.0578125
2 0.4484375 0.15546875 0.021875 0.0484375
2 0.50390625 0.175 0.021875 0.046875
2 0.484375 0.16875 0.0375 0.053125
2 0.55859375 0.1921875 0.040625 0.0234375
2 0.6125 0.24921875 0.05 0.0515625
2 0.728125 0.2921875 0.0375 0.0515625
2 0.77421875 0.34453125 0.0328125 0.028125
2 0.81484375 0.190625 0.0390625 0.04375
2 0.73515625 0.1875 0.040625 0.053125
2 0.82265625 0.2734375 0.028125 0.046875
2 0.59296875 0.37109375 0.04375 0.0578125
2 0.65546875 0.2859375 0.0375 0.053125
2 0.6515625 0.2078125 0.04375 0.0578125
2 0.47734375 0.3109375 0.0328125 0.0484375
2 0.5234375 0.2796875 0.0390625 0.065625
2 0.50234375 0.31328125 0.040625 0.0515625
2 0.725 0.334375 0.059375 0.059375
2 0.8015625 0.3078125 0.0375 0.0546875
2 0.77421875 0.1953125 0.0375 0.053125
2 0.7484375 0.11875 0.0234375 0.059375
2 0.53203125 0.128125 0.040625 0.0390625
2 0.62734375 0.0859375 0.084375 0.04375
2 0.6015625 0.16015625 0.046875 0.078125
2 0.534375 0.221875 0.046875 0.028125
2 0.4265625 0.246875 0.0421875 0.028125
2 0.2765625 0.36875 0.05625 0.040625
2 0.3203125 0.3671875 0.0265625 0.0265625
2 0.30703125 0.3203125 0.05 0.046875
2 0.2359375 0.3453125 0.046875 0.0375
2 0.1671875 0.2921875 0.0375 0.059375
2 0.115625 0.11484375 0.06875 0.0828125
2 0.2015625 0.1234375 0.0515625 0.0515625
2 0.2515625 0.146875 0.040625 0.046875
2 0.32734375 0.16640625 0.059375 0.053125
2 0.365625 0.1921875 0.0390625 0.0703125
2 0.3875 0.19921875 0.0453125 0.059375
2 0.3125 0.2375 0.0453125 0.0625
2 0.34921875 0.2765625 0.040625 0.071875
2 0.4203125 0.2828125 0.05 0.0546875
2 0.21484375 0.2453125 0.034375 0.0609375
2 0.1859375 0.240625 0.0609375 0.0484375
2 0.12734375 0.26953125 0.0453125 0.04375
2 0.078125 0.215625 0.0171875 0.06875
2 0.103125 0.2171875 0.04375 0.046875
2 0.05234375 0.17265625 0.040625 0.0375
2 0.11796875 0.171875 0.05 0.040625
2 0.1796875 0.16015625 0.059375 0.053125
2 0.2453125 0.23125 0.0578125 0.040625
2 0.2703125 0.2703125 0.0515625 0.0328125
2 0.378125 0.35625 0.0375 0.0296875
2 0.49453125 0.35703125 0.0421875 0.04375
2 0.44765625 0.3515625 0.040625 0.0328125
2 0.62890625 0.32890625 0.0671875 0.0421875
2 0.67265625 0.1546875 0.0515625 0.0578125
2 0.54140625 0.159375 0.059375 0.0515625
2 0.5609375 0.2234375 0.046875 0.0515625
2 0.4734375 0.2375 0.05625 0.084375
2 0.5515625 0.3421875 0.053125 0.05625
2 0.41015625 0.3453125 0.0375 0.0625
2 0.23515625 0.1859375 0.046875 0.059375
2 0.31484375 0.1890625 0.05 0.0734375
2 0.29921875 0.22265625 0.021875 0.1125
2 0.27421875 0.18046875 0.034375 0.090625
2 0.7171875 0.14140625 0.053125 0.059375
2 0.7109375 0.2515625 0.046875 0.0921875