2 0.47734375 0.5953125 0.184375 0.13125
2 0.2703125 0.6515625 0.16875 0.153125
2 0.58515625 0.7421875 0.171875 0.08125
2 0.44375 0.78671875 0.1390625 0.128125
2 0.73359375 0.58984375 0.0359375 0.05625
2 0.63984375 0.6265625 0.078125 0.121875
2 0.77890625 0.6546875 0.0890625 0.075
2 0.740625 0.51015625 0.090625 0.05625
2 0.6890625 0.65703125 0.0515625 0.0546875
2 0.94296875 0.46953125 0.0703125 0.0765625
2 0.19453125 0.65859375 0.075 0.046875
2 0.9671875 0.3578125 0.0625 0.15625
2 0.7109375 0.56953125 0.028125 0.04375
2 0.74140625 0.45859375 0.0734375 0.05
2 0.12734375 0.55078125 0.1375 0.115625
2 0.6921875 0.515625 0.0375 0.053125
2 0.8375 0.5109375 0.071875 0.0578125
2 0.41796875 0.43671875 0.090625 0.096875
2 0.05390625 0.49921875 0.1046875 0.09375
2 0.778125 0.5546875 0.0265625 0.046875
2 0.26796875 0.38671875 0.1015625 0.1515625
2 0.0453125 0.78046875 0.078125 0.05625
2 0.690625 0.47109375 0.0296875 0.0375
2 0.9203125 0.5734375 0.078125 0.05
2 0.903125 0.35390625 0.034375 0.071875
2 0.84609375 0.60625 0.084375 0.046875
2 0.80546875 0.56484375 0.021875 0.0375
2 0.9390625 0.53515625 0.1078125 0.071875
2 0.896875 0.4453125 0.028125 0.059375
2 0.91953125 0.42890625 0.03125 0.04375
2 0.784375 0.41171875 0.028125 0.090625
2 0.72265625 0.41484375 0.034375 0.0734375
2 0.52265625 0.44375 0.0640625 0.1015625
2 0.40078125 0.72734375 0.0359375 0.0453125
2 0.0515625 0.42578125 0.0515625 0.1
2 0.58984375 0.41015625 0.078125 0.1140625
2 0.884375 0.3796875 0.015625 0.034375
2 0.7796875 0.71015625 0.103125 0.03125
2 0.865625 0.56328125 0.01875 0.021875
2 0.6546875 0.4375 0.053125 0.08125
2 0.83125 0.56015625 0.028125 0.0265625
2 0.4140625 0.6828125 0.0203125 0.025
2 0.90703125 0.490625 0.028125 0.03125
2 0.17734375 0.46484375 0.15625 0.1265625
3 0.00703125 0.840625 0.0140625 0.0984375
2 0.71640625 0.48125 0.03125 0.0390625
2 0.35703125 0.4375 0.021875 0.028125
2 0.42421875 0.48515625 0.025 0.0265625
2 0.4625 0.3546875 0.165625 0.109375
2 0.62265625 0.5234375 0.075 0.071875
2 0.48359375 0.59375 0.18125 0.14375
2 0.26953125 0.50234375 0.1375 0.1484375
2 0.7484375 0.6765625 0.14375 0.1140625