3 0.45234375 0.92109375 0.296875 0.109375
0 0.43203125 0.56171875 0.0953125 0.125
0 0.43515625 0.49453125 0.071875 0.059375
1 0.42890625 0.303125 0.0640625 0.075
0 0.434375 0.2140625 0.040625 0.03125
0 0.4359375 0.16796875 0.04375 0.053125
1 0.43203125 0.76796875 0.0984375 0.11875
1 0.41875 0.36875 0.040625 0.03125
0 0.45625 0.67890625 0.0546875 0.05625
1 0.43125 0.70625 0.05 0.040625
1 0.45859375 0.73359375 0.05 0.040625
1 0.4484375 0.36484375 0.040625 0.046875
1 0.6921875 0.85703125 0.1328125 0.075
1 0.61171875 0.8875 0.0484375 0.059375
1 0.6828125 0.90546875 0.1203125 0.0640625
1 0.61328125 0.1125 0.08125 0.059375