0 0.159375 0.459375 0.11875 0.0875
0 0.0921875 0.52578125 0.0875 0.128125
0 0.109375 0.29296875 0.1 0.1296875
0 0.31796875 0.50625 0.084375 0.14375
0 0.59140625 0.4734375 0.0765625 0.028125
0 0.3703125 0.51953125 0.04375 0.06875
0 0.5515625 0.42265625 0.05 0.0453125
0 0.27734375 0.35625 0.0375 0.028125
0 0.2140625 0.44140625 0.025 0.0625
0 0.20234375 0.3484375 0.0375 0.0875
0 0.1625 0.346875 0.059375 0.06875
0 0.4328125 0.303125 0.15 0.0546875
0 0.565625 0.51640625 0.075 0.028125
0 0.296875 0.3703125 0.0375 0.0140625
0 0.678125 0.66328125 0.1 0.0375
0 0.2828125 0.33515625 0.0328125 0.05625
0 0.46015625 0.52109375 0.0375 0.065625
0 0.53046875 0.3859375 0.0453125 0.040625
0 0.4546875 0.465625 0.059375 0.046875
0 0.58359375 0.1875 0.096875 0.109375
0 0.3515625 0.22109375 0.065625 0.153125
0 0.45390625 0.721875 0.0921875 0.1203125
0 0.3625 0.05390625 0.071875 0.075
1 0.64375 0.1796875 0.03125 0.059375
0 0.4484375 0.33984375 0.04375 0.0515625
0 0.00703125 0.17265625 0.0140625 0.084375
0 0.33515625 0.36953125 0.0375 0.0171875
1 0.6359375 0.31328125 0.0234375 0.028125
0 0.61328125 0.40703125 0.028125 0.065625
0 0.05546875 0.390625 0.1 0.0734375
0 0.5046875 0.2515625 0.0265625 0.046875
1 0.62734375 0.23828125 0.01875 0.03125
0 0.19609375 0.17734375 0.290625 0.334375
0 0.49140625 0.6046875 0.2328125 0.1578125
0 0.4578125 0.69609375 0.178125 0.090625
0 0.79296875 0.525 0.16875 0.1328125
0 0.73359375 0.55703125 0.1625 0.19375
0 0.68203125 0.49296875 0.1125 0.159375
0 0.121875 0.6578125 0.1671875 0.19375
0 0.32890625 0.61953125 0.140625 0.0859375
0 0.49609375 0.08046875 0.1890625 0.1609375