2 0.55078125 0.50859375 0.171875 0.23125
2 0.55625 0.284375 0.3875 0.2015625
2 0.628125 0.06328125 0.1140625 0.11875
2 0.4015625 0.8640625 0.2296875 0.25625
2 0.55390625 0.83984375 0.13125 0.3171875
2 0.55625 0.71953125 0.04375 0.1203125
2 0.69609375 0.43203125 0.1375 0.1625
2 0.44296875 0.146875 0.0390625 0.175
2 0.74765625 0.46875 0.0578125 0.1328125
2 0.38828125 0.6046875 0.0765625 0.11875
2 0.696875 0.7078125 0.04375 0.109375
2 0.70390625 0.31953125 0.1640625 0.0609375
2 0.24296875 0.66015625 0.271875 0.0765625
2 0.25625 0.35625 0.253125 0.20625
2 0.6203125 0.18671875 0.0421875 0.103125
2 0.6390625 0.8265625 0.084375 0.06875
2 0.709375 0.815625 0.0265625 0.1625
2 0.53671875 0.18515625 0.0859375 0.1046875
2 0.38515625 0.746875 0.1453125 0.1125
2 0.01875 0.9140625 0.0359375 0.1265625
2 0.06640625 0.5515625 0.1296875 0.04375
2 0.04453125 0.815625 0.04375 0.090625
2 0.7890625 0.22421875 0.0703125 0.0828125
2 0.1453125 0.715625 0.0921875 0.2078125
2 0.465625 0.0671875 0.04375 0.05
2 0.73984375 0.803125 0.028125 0.078125
2 0.6671875 0.93984375 0.0484375 0.10625
2 0.68359375 0.59921875 0.159375 0.1
2 0.50078125 0.52734375 0.3109375 0.1015625
2 0.4484375 0.665625 0.1671875 0.096875