2 0.54765625 0.43203125 0.2375 0.365625
2 0.50390625 0.8578125 0.103125 0.0578125
2 0.46875 0.77890625 0.2296875 0.284375
2 0.39453125 0.14765625 0.109375 0.29375
2 0.19140625 0.59375 0.16875 0.18125
2 0.47265625 0.503125 0.1125 0.240625
2 0.8421875 0.1375 0.315625 0.275
2 0.64765625 0.8921875 0.0375 0.1296875
2 0.34296875 0.653125 0.040625 0.090625
2 0.5984375 0.05703125 0.115625 0.1140625
2 0.82421875 0.9453125 0.071875 0.046875
2 0.403125 0.78203125 0.05 0.05
2 0.39453125 0.88203125 0.078125 0.06875
2 0.78515625 0.22109375 0.18125 0.125
2 0.16171875 0.38984375 0.278125 0.1125
2 0.91953125 0.471875 0.09375 0.146875
2 0.878125 0.3546875 0.109375 0.0921875
2 0.7328125 0.6375 0.034375 0.0953125
2 0.4421875 0.96171875 0.171875 0.0765625
2 0.3296875 0.228125 0.059375 0.15
2 0.38359375 0.26640625 0.046875 0.096875
2 0.3703125 0.73359375 0.03125 0.0703125
2 0.11484375 0.75 0.046875 0.221875
2 0.384375 0.55859375 0.096875 0.0515625
2 0.8859375 0.6109375 0.15 0.11875
2 0.74375 0.7078125 0.153125 0.075
2 0.96640625 0.746875 0.05625 0.059375
2 0.096875 0.27890625 0.171875 0.109375
2 0.91328125 0.28359375 0.146875 0.1
2 0.5578125 0.209375 0.20625 0.1484375
2 0.86015625 0.496875 0.121875 0.1375
2 0.6625 0.41484375 0.278125 0.3078125
2 0.4 0.43984375 0.2 0.146875
2 0.33046875 0.590625 0.115625 0.328125
2 0.35703125 0.3765625 0.16875 0.1953125
2 0.67265625 0.42265625 0.2578125 0.3015625