0 0.51953125 0.76796875 0.215625 0.2078125
0 0.44140625 0.83671875 0.146875 0.228125
0 0.54765625 0.64453125 0.2140625 0.09375
0 0.3734375 0.64140625 0.096875 0.1484375
0 0.5203125 0.2625 0.175 0.1375
0 0.45859375 0.665625 0.1125 0.1140625
1 0.77421875 0.4765625 0.05625 0.0484375
1 0.65234375 0.7984375 0.2375 0.103125
1 0.5796875 0.8796875 0.11875 0.1375
1 0.8046875 0.6984375 0.1703125 0.0859375
1 0.825 0.56953125 0.221875 0.2171875
1 0.778125 0.728125 0.428125 0.1640625
1 0.66484375 0.73359375 0.20625 0.05625
0 0.53046875 0.16796875 0.184375 0.20625
0 0.65703125 0.37109375 0.178125 0.215625
0 0.3265625 0.571875 0.146875 0.090625
0 0.29140625 0.9 0.184375 0.1234375
0 0.66796875 0.29765625 0.159375 0.0734375
0 0.709375 0.87421875 0.525 0.059375
0 0.403125 0.73359375 0.06875 0.109375
0 0.66484375 0.6359375 0.146875 0.05
0 0.290625 0.7625 0.18125 0.19375
0 0.78828125 0.89453125 0.3796875 0.2109375
0 0.528125 0.73125 0.0859375 0.096875
0 0.4046875 0.39765625 0.3078125 0.153125
0 0.44765625 0.56875 0.1375 0.10625
0 0.2015625 0.7828125 0.1640625 0.11875
0 0.38984375 0.2046875 0.1328125 0.13125
0 0.2875 0.70234375 0.13125 0.084375
0 0.31171875 0.39609375 0.38125 0.2609375
0 0.64375 0.6875 0.184375 0.071875
0 0.165625 0.7515625 0.021875 0.0796875
0 0.32265625 0.61953125 0.090625 0.090625
0 0.7515625 0.325 0.04375 0.065625
0 0.38203125 0.53203125 0.0421875 0.0328125
0 0.2625 0.64609375 0.121875 0.05625
0 0.57734375 0.4953125 0.134375 0.075
0 0.7 0.215625 0.0375 0.10625
0 0.48359375 0.34765625 0.109375 0.0921875
0 0.5703125 0.0375 0.103125 0.075
0 0.26640625 0.534375 0.259375 0.1046875
0 0.14375 0.48671875 0.0140625 0.065625
0 0.259375 0.89296875 0.51875 0.0609375
0 0.396875 0.05859375 0.334375 0.1171875
0 0.2125 0.72109375 0.075 0.053125