2 0.22109375 0.05078125 0.065625 0.09375
2 0.4890625 0.1359375 0.0375 0.115625
2 0.08984375 0.9296875 0.0875 0.1390625
2 0.29375 0.221875 0.20625 0.1875
2 0.26015625 0.26875 0.05 0.075
2 0.32109375 0.909375 0.021875 0.0890625
2 0.475 0.59921875 0.115625 0.165625
2 0.4140625 0.41875 0.0796875 0.1640625
2 0.66484375 0.75234375 0.296875 0.2765625
2 0.4765625 0.9734375 0.0765625 0.053125
2 0.14296875 0.11015625 0.0671875 0.04375
2 0.18359375 0.55 0.0875 0.0375
2 0.37734375 0.83671875 0.05 0.046875
2 0.31484375 0.70546875 0.0484375 0.103125
2 0.3390625 0.44453125 0.053125 0.134375
2 0.32265625 0.60625 0.046875 0.1140625
2 0.80546875 0.46171875 0.01875 0.08125
2 0.20546875 0.4640625 0.065625 0.096875
2 0.93359375 0.071875 0.09375 0.0203125
2 0.103125 0.1734375 0.0640625 0.065625
2 0.3671875 0.76796875 0.109375 0.134375
2 0.24140625 0.959375 0.253125 0.0203125
2 0.4234375 0.88515625 0.021875 0.040625
2 0.5125 0.99140625 0.0734375 0.0171875
2 0.771875 0.94453125 0.084375 0.109375
2 0.2890625 0.765625 0.1 0.0328125
2 0.06328125 0.46796875 0.096875 0.0359375
2 0.25078125 0.70859375 0.05625 0.1265625
2 0.5171875 0.04765625 0.090625 0.0953125
2 0.44921875 0.93046875 0.1125 0.1265625
2 0.575 0.9421875 0.1296875 0.1109375
2 0.12578125 0.2296875 0.0703125 0.059375
2 0.7390625 0.921875 0.03125 0.0640625
2 0.2734375 0.58671875 0.0609375 0.121875
2 0.10703125 0.42109375 0.034375 0.16875
2 0.19140625 0.375 0.0546875 0.075
2 0.87734375 0.396875 0.084375 0.065625
2 0.03359375 0.178125 0.059375 0.040625
2 0.61953125 0.32109375 0.134375 0.1640625
2 0.80234375 0.27421875 0.378125 0.134375
2 0.66875 0.80390625 0.028125 0.034375
2 0.83203125 0.83359375 0.125 0.03125
2 0.03671875 0.10703125 0.034375 0.0625
2 0.6203125 0.05 0.11875 0.1
2 0.2015625 0.3109375 0.0515625 0.05625
2 0.9 0.13125 0.053125 0.0125
2 0.95703125 0.5984375 0.0859375 0.1
2 0.9890625 0.128125 0.021875 0.0671875
2 0.3765625 0.915625 0.025 0.046875
2 0.56640625 0.1453125 0.1390625 0.109375
2 0.48515625 0.7328125 0.08125 0.05
2 0.9328125 0.02734375 0.0875 0.028125
2 0.21640625 0.753125 0.05625 0.059375
2 0.890625 0.34375 0.209375 0.0625
2 0.5484375 0.23984375 0.146875 0.0796875
2 0.340625 0.25625 0.1 0.196875
2 0.47109375 0.259375 0.10625 0.159375
2 0.37890625 0.59609375 0.178125 0.2125
2 0.5890625 0.38046875 0.24375 0.2125