2 0.3140625 0.625 0.109375 0.09375
2 0.72109375 0.62890625 0.1828125 0.053125
2 0.621875 0.334375 0.753125 0.2375
2 0.215625 0.55 0.3 0.1875
2 0.5671875 0.6703125 0.1296875 0.0515625
2 0.3171875 0.5390625 0.1015625 0.071875
2 0.53984375 0.54296875 0.121875 0.040625
2 0.66328125 0.5109375 0.3765625 0.140625
2 0.45234375 0.68515625 0.15 0.053125
2 0.921875 0.153125 0.096875 0.1109375
2 0.70625 0.77421875 0.028125 0.04375
2 0.12109375 0.03046875 0.146875 0.01875
2 0.184375 0.71640625 0.109375 0.0234375
2 0.309375 0.80625 0.065625 0.025
2 0.79453125 0.496875 0.11875 0.03125
2 0.96015625 0.2515625 0.075 0.05625
2 0.93203125 0.4328125 0.134375 0.103125
2 0.9640625 0.18828125 0.0375 0.046875
2 0.83515625 0.71796875 0.146875 0.134375
2 0.6484375 0.73046875 0.0359375 0.115625
2 0.69296875 0.09140625 0.121875 0.18125
2 0.88984375 0.21484375 0.2203125 0.03125
2 0.6609375 0.809375 0.05 0.065625
2 0.4671875 0.6203125 0.153125 0.078125
2 0.11015625 0.78671875 0.121875 0.0453125
2 0.9375 0.67265625 0.11875 0.0734375
2 0.234375 0.6796875 0.05 0.025
2 0.83203125 0.2796875 0.1125 0.0484375
2 0.95859375 0.09609375 0.0828125 0.1796875
2 0.44140625 0.7296875 0.284375 0.075
2 0.79453125 0.340625 0.08125 0.2046875
2 0.15390625 0.35703125 0.18125 0.05625
2 0.11640625 0.2765625 0.23125 0.1140625