0 0.22734375 0.66171875 0.2703125 0.3078125
0 0.37109375 0.5375 0.24375 0.240625
0 0.76875 0.53984375 0.196875 0.16875
0 0.75 0.78125 0.21875 0.203125
0 0.59140625 0.2703125 0.16875 0.11875
0 0.66875 0.240625 0.0421875 0.1203125
0 0.475 0.2453125 0.2421875 0.134375
0 0.73984375 0.23046875 0.0625 0.040625
0 0.7484375 0.30234375 0.0734375 0.0375
0 0.5015625 0.53046875 0.096875 0.1921875
0 0.48125 0.3296875 0.1953125 0.184375
0 0.59609375 0.240625 0.103125 0.13125
0 0.69765625 0.1015625 0.05 0.03125