0 0.4875 0.16328125 0.0640625 0.11875
0 0.5875 0.23359375 0.2 0.0546875
0 0.45234375 0.15078125 0.078125 0.10625
0 0.43515625 0.10078125 0.0875 0.0890625
0 0.36796875 0.121875 0.0875 0.140625
0 0.41015625 0.053125 0.125 0.10625
0 0.6 0.01796875 0.20625 0.034375
0 0.484375 0.3578125 0.13125 0.1015625
0 0.4921875 0.1296875 0.021875 0.1125
0 0.50859375 0.14609375 0.01875 0.090625
0 0.3 0.2 0.090625 0.16875
0 0.42734375 0.4171875 0.1328125 0.1640625
0 0.296875 0.725 0.065625 0.04375
0 0.36875 0.16796875 0.05 0.0890625
0 0.31328125 0.29921875 0.0515625 0.08125
0 0.34375 0.0609375 0.075 0.121875
0 0.40390625 0.2671875 0.03125 0.125
0 0.5140625 0.95703125 0.05 0.078125
0 0.38125 0.528125 0.128125 0.14375
0 0.2625 0.39375 0.071875 0.1375
0 0.303125 0.2609375 0.0734375 0.2140625
0 0.5296875 0.059375 0.1046875 0.015625
0 0.28203125 0.571875 0.04375 0.2
0 0.3140625 0.915625 0.125 0.16875
0 0.47109375 0.953125 0.0671875 0.08125
0 0.50625 0.4390625 0.053125 0.0828125
0 0.35546875 0.659375 0.071875 0.1609375
0 0.3140625 0.76015625 0.128125 0.1234375
0 0.3359375 0.365625 0.071875 0.2015625