2 0.36640625 0.88125 0.0734375 0.0359375
2 0.49375 0.68125 0.265625 0.10625
2 0.76484375 0.36484375 0.4703125 0.1421875
2 0.62421875 0.84609375 0.1 0.0625
2 0.8984375 0.7453125 0.2 0.125
2 0.34453125 0.92421875 0.0734375 0.103125
2 0.784375 0.57734375 0.259375 0.2
2 0.909375 0.94453125 0.18125 0.10625
2 0.7015625 0.83828125 0.08125 0.059375
2 0.86875 0.49765625 0.125 0.0859375
2 0.70546875 0.9171875 0.1703125 0.1375
2 0.56171875 0.50625 0.1171875 0.05
2 0.42265625 0.60546875 0.025 0.040625
2 0.4921875 0.55234375 0.19375 0.034375
2 0.290625 0.640625 0.1375 0.0375
2 0.4625 0.91171875 0.1078125 0.021875
2 0.60546875 0.7875 0.1 0.05
2 0.27890625 0.33671875 0.021875 0.028125
2 0.1359375 0.64453125 0.1765625 0.046875
2 0.3546875 0.409375 0.709375 0.06875
2 0.51171875 0.346875 0.1875 0.0859375
2 0.33359375 0.3609375 0.1453125 0.1171875
2 0.203125 0.36015625 0.1015625 0.1
2 0.490625 0.4734375 0.0765625 0.084375
2 0.3671875 0.4796875 0.1 0.10625
2 0.28046875 0.48515625 0.0625 0.078125
2 0.35859375 0.56328125 0.075 0.0875
2 0.290625 0.57109375 0.0671875 0.078125
2 0.4703125 0.59375 0.084375 0.10625
2 0.4296875 0.48828125 0.075 0.128125
2 0.72109375 0.7734375 0.1390625 0.13125
2 0.940625 0.41171875 0.115625 0.153125
2 0.953125 0.6296875 0.0796875 0.1359375
2 0.87265625 0.60546875 0.14375 0.1453125