1 0.4015625 0.396875 0.109375 0.1234375
1 0.4765625 0.7078125 0.065625 0.0859375
1 0.46640625 0.525 0.040625 0.0828125
1 0.48671875 0.38828125 0.078125 0.1765625
1 0.5625 0.3484375 0.0546875 0.078125
1 0.753125 0.571875 0.0859375 0.0578125
1 0.70078125 0.65703125 0.08125 0.053125
1 0.590625 0.6171875 0.0765625 0.0890625
1 0.50234375 0.64453125 0.09375 0.175
1 0.63359375 0.734375 0.065625 0.090625
1 0.36171875 0.41875 0.059375 0.078125
1 0.428125 0.53984375 0.040625 0.1171875
1 0.45078125 0.63671875 0.0234375 0.028125
1 0.57265625 0.54296875 0.053125 0.034375
1 0.790625 0.61484375 0.040625 0.04375
1 0.6828125 0.43671875 0.096875 0.090625
1 0.63203125 0.5640625 0.1 0.065625
1 0.59765625 0.45625 0.0890625 0.08125
1 0.5375 0.71171875 0.0703125 0.1125
1 0.596875 0.73359375 0.05625 0.078125
1 0.65 0.66015625 0.0375 0.0671875
1 0.6796875 0.50390625 0.0890625 0.0265625
1 0.57109375 0.5921875 0.0625 0.053125
1 0.58125 0.665625 0.0390625 0.05625
1 0.6109375 0.521875 0.1 0.034375
1 0.49375 0.5109375 0.046875 0.0640625
1 0.77109375 0.6828125 0.0578125 0.10625
1 0.68203125 0.61875 0.03125 0.040625
1 0.6796875 0.49140625 0.084375 0.0203125
1 0.6125 0.675 0.0484375 0.05
1 0.61484375 0.490625 0.0578125 0.028125
1 0.37421875 0.36640625 0.040625 0.05625
1 0.64765625 0.403125 0.253125 0.2
1 0.7296875 0.7078125 0.115625 0.15