2 0.628125 0.4921875 0.35859375 0.2015625
2 0.346875 0.6171875 0.18671875 0.1671875
2 0.12421875 0.68984375 0.2484375 0.22890625
2 0.25 0.4578125 0.08125 0.2265625
2 0.34140625 0.50234375 0.0421875 0.08359375
2 0.37734375 0.47578125 0.08828125 0.03046875
2 0.57109375 0.38671875 0.19453125 0.0921875
2 0.46640625 0.74375 0.16875 0.1453125
2 0.9328125 0.79765625 0.134375 0.053125
2 0.57265625 0.975 0.06328125 0.0296875
2 0.65390625 0.2828125 0.05546875 0.0984375
2 0.74921875 0.884375 0.075 0.02890625
2 0.74375 0.690625 0.09765625 0.15234375
2 0.6515625 0.89921875 0.05546875 0.03125
1 0.0671875 0.9859375 0.0421875 0.02734375
2 0.48359375 0.4625 0.05390625 0.09375
2 0.41484375 0.43984375 0.05625 0.0484375
2 0.95234375 0.671875 0.0953125 0.0875
2 0.70390625 0.909375 0.03359375 0.03203125
2 0.034375 0.76015625 0.065625 0.05546875
2 0.2625 0.35546875 0.11171875 0.10703125
2 0.90546875 0.72734375 0.06953125 0.0625
2 0.46171875 0.94375 0.12265625 0.10546875
2 0.56171875 0.665625 0.19453125 0.1390625
2 0.659375 0.8140625 0.0671875 0.05390625
2 0.61796875 0.76953125 0.02890625 0.05390625
2 0.39453125 0.51328125 0.0671875 0.05390625
2 0.81015625 0.81171875 0.0703125 0.0765625
2 0.66328125 0.3671875 0.1875 0.09765625