1 0.47109375 0.51640625 0.1390625 0.175
1 0.3546875 0.2703125 0.065625 0.046875
1 0.62421875 0.81875 0.071875 0.0765625
1 0.26875 0.24140625 0.115625 0.1125
1 0.403125 0.428125 0.115625 0.125
1 0.57734375 0.26953125 0.1 0.103125
1 0.82265625 0.28203125 0.071875 0.053125
1 0.9078125 0.44609375 0.1453125 0.1484375
1 0.78828125 0.43359375 0.096875 0.096875
1 0.70078125 0.5765625 0.0703125 0.09375
1 0.75703125 0.7390625 0.084375 0.159375
1 0.69921875 0.821875 0.078125 0.06875
1 0.671875 0.86640625 0.0609375 0.040625
1 0.26875 0.371875 0.034375 0.059375
1 0.209375 0.346875 0.065625 0.05625
1 0.48984375 0.26484375 0.04375 0.071875
1 0.68203125 0.27578125 0.075 0.0296875
1 0.6984375 0.3171875 0.0375 0.05
1 0.65390625 0.3 0.0421875 0.028125
1 0.8203125 0.19375 0.04375 0.046875
1 0.91171875 0.2625 0.04375 0.0375
1 0.93671875 0.359375 0.034375 0.04375
1 0.89765625 0.32109375 0.0703125 0.065625
1 0.8421875 0.3625 0.0625 0.0421875
1 0.8 0.328125 0.090625 0.09375
1 0.73828125 0.484375 0.090625 0.109375
1 0.7609375 0.53671875 0.065625 0.10625
1 0.6625 0.484375 0.11875 0.10625
1 0.66484375 0.4 0.075 0.053125
1 0.6046875 0.38828125 0.06875 0.075
1 0.478125 0.34609375 0.09375 0.090625
1 0.36796875 0.34765625 0.05 0.0578125
1 0.30546875 0.3890625 0.05 0.0609375
1 0.28671875 0.44453125 0.0703125 0.0859375
1 0.2921875 0.54296875 0.0765625 0.075
1 0.36953125 0.61796875 0.05625 0.059375
1 0.4109375 0.69921875 0.021875 0.040625
1 0.5515625 0.82421875 0.078125 0.0578125
1 0.39921875 0.85234375 0.0296875 0.0546875
1 0.43515625 0.83203125 0.028125 0.040625
1 0.46328125 0.82109375 0.075 0.0265625
1 0.50234375 0.74375 0.090625 0.2375
1 0.43125 0.6796875 0.0359375 0.01875
1 0.2296875 0.70390625 0.0171875 0.01875
1 0.17734375 0.7234375 0.053125 0.021875
1 0.0859375 0.6875 0.025 0.015625
1 0.096875 0.653125 0.0125 0.015625
1 0.215625 0.45625 0.1359375 0.115625
1 0.17578125 0.49765625 0.11875 0.1
1 0.2265625 0.5234375 0.059375 0.0296875
1 0.3125 0.33203125 0.0265625 0.04375
1 0.31796875 0.30625 0.0421875 0.040625
1 0.36015625 0.31484375 0.046875 0.034375
1 0.38203125 0.49453125 0.0234375 0.0515625
1 0.3640625 0.5328125 0.0765625 0.09375
1 0.41171875 0.5921875 0.075 0.0609375
1 0.5671875 0.5421875 0.053125 0.0265625
1 0.57890625 0.46171875 0.0609375 0.0875
1 0.52421875 0.409375 0.0828125 0.1
1 0.55390625 0.3421875 0.053125 0.046875
1 0.7390625 0.32109375 0.0375 0.04375
1 0.73125 0.36875 0.046875 0.053125
1 0.6359375 0.159375 0.04375 0.0546875
1 0.63828125 0.21328125 0.028125 0.0234375
1 0.41328125 0.13515625 0.065625 0.040625
1 0.45703125 0.19453125 0.0546875 0.0265625
1 0.39765625 0.17890625 0.0234375 0.040625
1 0.325 0.15 0.0359375 0.0375
1 0.32890625 0.1953125 0.0625 0.040625
1 0.06484375 0.04921875 0.059375 0.0375
1 0.05078125 0.390625 0.0265625 0.028125
1 0.025 0.57265625 0.05 0.0359375
1 0.26484375 0.5875 0.0171875 0.015625
1 0.30859375 0.590625 0.0234375 0.025
1 0.23359375 0.6046875 0.021875 0.0125
1 0.98125 0.340625 0.0375 0.05
1 0.97421875 0.38359375 0.01875 0.01875
1 0.4265625 0.32734375 0.034375 0.040625
1 0.6171875 0.8890625 0.1 0.053125
1 0.39140625 0.30703125 0.0296875 0.0296875