0 0.3265625 0.6171875 0.3859375 0.353125
0 0.3171875 0.3421875 0.25 0.215625
0 0.728125 0.24921875 0.225 0.325
0 0.67734375 0.22421875 0.1125 0.2484375
0 0.6765625 0.63984375 0.08125 0.225
0 0.596875 0.646875 0.1234375 0.14375
0 0.56875 0.55078125 0.109375 0.06875
0 0.5640625 0.41875 0.15 0.1265625
0 0.4734375 0.3609375 0.2640625 0.184375
0 0.5859375 0.19765625 0.09375 0.20625
0 0.6765625 0.4984375 0.146875 0.1296875
0 0.53046875 0.75625 0.153125 0.1828125
0 0.4984375 0.821875 0.159375 0.153125
0 0.3796875 0.83046875 0.20625 0.1515625