0 0.6390625 0.5609375 0.1390625 0.2390625
0 0.82265625 0.08359375 0.15 0.1625
0 0.32109375 0.7453125 0.21875 0.1421875
0 0.1734375 0.68828125 0.0453125 0.0515625
0 0.58359375 0.3390625 0.084375 0.153125
0 0.6078125 0.82421875 0.0828125 0.0765625
0 0.65625 0.79296875 0.11875 0.13125
0 0.54296875 0.46328125 0.084375 0.09375
0 0.38828125 0.13984375 0.075 0.078125
0 0.4703125 0.20859375 0.18125 0.140625
0 0.6984375 0.4375 0.071875 0.053125
0 0.7703125 0.66796875 0.1484375 0.3375
0 0.6515625 0.66796875 0.1171875 0.10625