2 0.7921875 0.4375 0.24375 0.275
2 0.628125 0.20859375 0.1328125 0.4140625
2 0.51640625 0.33671875 0.090625 0.175
2 0.6109375 0.7703125 0.10625 0.184375
2 0.9546875 0.490625 0.090625 0.13125
2 0.89453125 0.5828125 0.125 0.13125
2 0.453125 0.43046875 0.08125 0.0453125
2 0.4140625 0.6859375 0.134375 0.05
2 0.07265625 0.6578125 0.1171875 0.05625
2 0.10703125 0.69921875 0.0796875 0.0328125
2 0.128125 0.75625 0.0828125 0.040625
2 0.78984375 0.66953125 0.08125 0.1125
2 0.04375 0.76953125 0.059375 0.06875
2 0.2125 0.6015625 0.109375 0.028125
2 0.94375 0.2453125 0.1125 0.028125
2 0.871875 0.69453125 0.090625 0.121875
2 0.8875 0.7609375 0.1546875 0.0609375
2 0.059375 0.48671875 0.06875 0.090625
2 0.91796875 0.68046875 0.034375 0.028125
2 0.7046875 0.6265625 0.0625 0.0921875
2 0.065625 0.56875 0.1296875 0.0796875
2 0.496875 0.8890625 0.0796875 0.08125
2 0.1484375 0.77734375 0.059375 0.0328125
2 0.9546875 0.2046875 0.090625 0.040625
2 0.3546875 0.346875 0.06875 0.04375
2 0.3734375 0.92265625 0.075 0.1546875
2 0.9609375 0.63828125 0.071875 0.059375
2 0.9734375 0.5890625 0.053125 0.04375
2 0.28203125 0.5265625 0.053125 0.0390625
2 0.7265625 0.7859375 0.075 0.0875
2 0.89296875 0.6578125 0.025 0.01875
2 0.3859375 0.5359375 0.115625 0.1546875
2 0.7734375 0.70234375 0.0375 0.0296875
2 0.2765625 0.48828125 0.103125 0.078125
2 0.2375 0.69921875 0.1 0.034375
2 0.59296875 0.5140625 0.090625 0.096875
2 0.1046875 0.6015625 0.053125 0.046875
2 0.11640625 0.65625 0.05 0.028125
2 0.2546875 0.75703125 0.0578125 0.0421875
2 0.41640625 0.20390625 0.0703125 0.378125
2 0.221875 0.403125 0.053125 0.03125
2 0.634375 0.6140625 0.053125 0.0984375
2 0.9484375 0.6765625 0.03125 0.0234375
2 0.46015625 0.725 0.059375 0.0484375
2 0.2875 0.38671875 0.05625 0.04375
2 0.68203125 0.5421875 0.06875 0.09375
2 0.94609375 0.7 0.01875 0.01875
2 0.36640625 0.29765625 0.0375 0.046875
3 0.62265625 0.925 0.0609375 0.146875
2 0.98203125 0.53671875 0.034375 0.05625
2 0.1828125 0.84140625 0.01875 0.09375
2 0.21171875 0.66796875 0.025 0.065625
3 0.409375 0.934375 0.0453125 0.128125
2 0.83359375 0.2578125 0.096875 0.1359375
2 0.89921875 0.27421875 0.084375 0.134375
2 0.8625 0.325 0.140625 0.140625
2 0.2984375 0.771875 0.171875 0.16875
2 0.18046875 0.60390625 0.1453125 0.3453125
2 0.37109375 0.6390625 0.15 0.434375