0 0.5421875 0.40859375 0.35625 0.1640625
0 0.465625 0.509375 0.12734375 0.08515625
0 0.68046875 0.52734375 0.1875 0.18359375
0 0.16953125 0.440625 0.30078125 0.06953125
0 0.2625 0.38359375 0.2609375 0.06875
0 0.796875 0.58671875 0.0578125 0.134375
0 0.9 0.56875 0.19453125 0.134375
0 0.44375 0.60703125 0.1875 0.27578125
0 0.44140625 0.70234375 0.6265625 0.10703125
0 0.54921875 0.64375 0.44453125 0.075
0 0.1671875 0.5671875 0.334375 0.0765625
0 0.18671875 0.49921875 0.3328125 0.071875
0 0.4015625 0.4765625 0.13671875 0.1359375
0 0.5609375 0.5328125 0.11640625 0.15546875