2 0.6859375 0.375 0.109375 0.09375
2 0.27890625 0.37109375 0.1828125 0.053125
2 0.378125 0.665625 0.753125 0.2390625
2 0.784375 0.45 0.3 0.1890625
2 0.4328125 0.3296875 0.1296875 0.0515625
2 0.6828125 0.4609375 0.1015625 0.071875
2 0.46015625 0.45703125 0.121875 0.040625
2 0.33671875 0.4890625 0.3765625 0.140625
2 0.54765625 0.31484375 0.15 0.053125
2 0.078125 0.846875 0.096875 0.1109375
2 0.29375 0.22578125 0.028125 0.04375
2 0.87890625 0.96953125 0.146875 0.01875
2 0.815625 0.28359375 0.109375 0.0234375
2 0.690625 0.19375 0.065625 0.025
2 0.20546875 0.503125 0.11875 0.03125
2 0.03984375 0.7484375 0.075 0.05625
2 0.06796875 0.5671875 0.134375 0.103125
2 0.0359375 0.81171875 0.0390625 0.046875
2 0.16484375 0.28203125 0.146875 0.1359375
2 0.3515625 0.26953125 0.0359375 0.115625
2 0.30703125 0.90859375 0.121875 0.18125
2 0.11015625 0.78515625 0.2203125 0.03125
2 0.3390625 0.190625 0.05 0.065625
2 0.5328125 0.3796875 0.153125 0.078125
2 0.88984375 0.21328125 0.121875 0.0453125
2 0.0625 0.32734375 0.11875 0.0734375
2 0.765625 0.3203125 0.05 0.025
2 0.16796875 0.7203125 0.1140625 0.0484375
2 0.04140625 0.90390625 0.0828125 0.1796875
2 0.55859375 0.2703125 0.284375 0.075
2 0.20546875 0.659375 0.08125 0.2046875
2 0.84609375 0.64296875 0.18125 0.05625
2 0.88359375 0.7234375 0.23125 0.1140625