2 0.93046875 0.565625 0.1375 0.0859375
2 0.5203125 0.81875 0.2796875 0.2359375
2 0.0421875 0.58203125 0.0734375 0.184375
2 0.1359375 0.290625 0.175 0.0390625
2 0.5546875 0.378125 0.34375 0.2625
2 0.49765625 0.584375 0.2875 0.196875
2 0.30625 0.778125 0.146875 0.175
2 0.29296875 0.63515625 0.146875 0.14375
2 0.1453125 0.61875 0.1671875 0.1578125
2 0.05546875 0.6609375 0.1109375 0.059375
2 0.70546875 0.64296875 0.165625 0.1921875
2 0.196875 0.375 0.39375 0.209375
2 0.24765625 0.51875 0.253125 0.09375