0 0.496875 0.334375 0.1859375 0.115625
0 0.53671875 0.58359375 0.2921875 0.353125
0 0.76015625 0.42734375 0.1875 0.1421875
1 0.39765625 0.27734375 0.115625 0.103125
0 0.41875 0.38203125 0.1203125 0.153125
0 0.4515625 0.8015625 0.2 0.1203125
0 0.35078125 0.78515625 0.0875 0.1
0 0.31484375 0.44609375 0.3875 0.1640625
0 0.6359375 0.73984375 0.053125 0.06875
3 0.82109375 0.540625 0.09375 0.165625
3 0.91015625 0.5703125 0.028125 0.084375
3 0.86796875 0.94765625 0.0875 0.1046875
2 0.559375 0.23671875 0.046875 0.0703125
3 0.8 0.05546875 0.1140625 0.1109375
2 0.134375 0.93046875 0.25625 0.1375
2 0.0921875 0.03984375 0.1234375 0.0640625
1 0.46484375 0.15625 0.0515625 0.059375
3 0.86328125 0.790625 0.1671875 0.353125