0 0.59140625 0.4578125 0.1640625 0.35625
0 0.490625 0.534375 0.084375 0.128125
0 0.47265625 0.31953125 0.184375 0.1875
0 0.559375 0.83046875 0.06875 0.3
0 0.61640625 0.7375 0.06875 0.2609375
0 0.41328125 0.203125 0.134375 0.0578125
0 0.43125 0.1 0.134375 0.19375
0 0.39296875 0.55625 0.275 0.1875
0 0.29765625 0.55859375 0.10625 0.6265625
0 0.35625 0.45078125 0.075 0.44375
0 0.4328125 0.8328125 0.0765625 0.334375
0 0.50078125 0.81328125 0.071875 0.3328125
0 0.5234375 0.5984375 0.1359375 0.1375
0 0.4671875 0.4390625 0.15625 0.115625