2 0.63359375 0.88125 0.07265625 0.0359375
2 0.50625 0.68125 0.265625 0.10625
2 0.23515625 0.36484375 0.4703125 0.1421875
2 0.37578125 0.84609375 0.1 0.0625
2 0.1015625 0.7453125 0.20078125 0.125
2 0.65546875 0.92421875 0.0734375 0.103125
2 0.215625 0.57734375 0.26015625 0.2
2 0.090625 0.94453125 0.18046875 0.10703125
2 0.2984375 0.83828125 0.08125 0.05859375
2 0.13125 0.49765625 0.12421875 0.08515625
2 0.29453125 0.9171875 0.1703125 0.13671875
2 0.43828125 0.50625 0.1171875 0.05
2 0.57734375 0.60546875 0.02421875 0.040625
2 0.5078125 0.55234375 0.19296875 0.034375
2 0.709375 0.640625 0.13828125 0.03671875
2 0.5375 0.91171875 0.1078125 0.021875
2 0.39453125 0.7875 0.09921875 0.04921875
2 0.72109375 0.33671875 0.02265625 0.028125
2 0.8640625 0.64453125 0.17734375 0.04609375
2 0.6453125 0.409375 0.709375 0.06796875
2 0.48828125 0.346875 0.1875 0.0859375
2 0.66640625 0.3609375 0.1453125 0.1171875
2 0.796875 0.36015625 0.10078125 0.09921875
2 0.509375 0.4734375 0.0765625 0.084375
2 0.6328125 0.4796875 0.09921875 0.10546875
2 0.71953125 0.48515625 0.06328125 0.07734375
2 0.64140625 0.56328125 0.07578125 0.0875
2 0.709375 0.57109375 0.0671875 0.07734375
2 0.5296875 0.59375 0.084375 0.10546875
2 0.5703125 0.48828125 0.07421875 0.12734375
2 0.27890625 0.7734375 0.1390625 0.13203125
2 0.059375 0.41171875 0.11640625 0.15234375
2 0.046875 0.6296875 0.0796875 0.1359375
2 0.12734375 0.60546875 0.14296875 0.1453125