0 0.340625 0.090625 0.328125 0.18125
0 0.26953125 0.38515625 0.49375 0.45625
0 0.81953125 0.765625 0.2453125 0.4578125
0 0.61796875 0.1375 0.303125 0.275
0 0.63203125 0.471875 0.121875 0.378125
0 0.54765625 0.3640625 0.0796875 0.1984375
0 0.61640625 0.63828125 0.11875 0.2515625
0 0.7546875 0.50234375 0.203125 0.35
0 0.7984375 0.0890625 0.115625 0.171875
0 0.9484375 0.43671875 0.06875 0.178125
0 0.96328125 0.28046875 0.0734375 0.53125
0 0.9609375 0.57890625 0.071875 0.128125
0 0.425 0.66953125 0.040625 0.134375