0 0.54296875 0.37734375 0.1296875 0.275
0 0.40390625 0.3515625 0.16875 0.090625
0 0.69453125 0.4421875 0.103125 0.125
0 0.79453125 0.22421875 0.096875 0.1625
0 0.5921875 0.07109375 0.04375 0.109375
0 0.71484375 0.12578125 0.190625 0.08125
0 0.32578125 0.3625 0.040625 0.2625
0 0.3859375 0.27734375 0.1296875 0.0890625
0 0.63203125 0.31171875 0.059375 0.1640625
0 0.69296875 0.63125 0.0875 0.3671875
0 0.58515625 0.5859375 0.171875 0.421875
0 0.559375 0.865625 0.0640625 0.128125
1 0.13125 0.575 0.078125 0.0625
1 0.2125 0.6 0.0375 0.0328125