0 0.5625 0.1828125 0.2265625 0.18125
0 0.08671875 0.3703125 0.1625 0.3
0 0.8203125 0.28984375 0.359375 0.2109375
0 0.75078125 0.478125 0.3125 0.3078125
0 0.3421875 0.51015625 0.1 0.2
0 0.2515625 0.47109375 0.1484375 0.103125
0 0.2171875 0.3703125 0.059375 0.109375
0 0.29296875 0.35625 0.0765625 0.1171875
0 0.2375 0.28046875 0.1234375 0.1265625
0 0.24921875 0.17734375 0.1234375 0.153125
0 0.3953125 0.17734375 0.165625 0.159375
0 0.3734375 0.28828125 0.103125 0.1140625
0 0.46484375 0.303125 0.1 0.196875
0 0.52734375 0.3515625 0.1484375 0.1609375
0 0.53203125 0.47578125 0.109375 0.1859375
0 0.4359375 0.47578125 0.090625 0.1265625