2 0.57421875 0.38515625 0.06875 0.1
2 0.646875 0.34375 0.03125 0.0375
2 0.371875 0.3984375 0.1015625 0.090625
2 0.6234375 0.5796875 0.0625 0.128125
2 0.4578125 0.44296875 0.0890625 0.1484375
2 0.40078125 0.33359375 0.096875 0.1125
2 0.45625 0.34296875 0.0625 0.04375
2 0.8125 0.4859375 0.08125 0.0203125
2 0.840625 0.41484375 0.05625 0.05
2 0.9546875 0.60703125 0.046875 0.071875
2 0.45859375 0.39609375 0.05 0.0640625
2 0.18046875 0.3421875 0.059375 0.0953125
2 0.49765625 0.5046875 0.15625 0.24375
2 0.640625 0.375 0.03125 0.05
2 0.04609375 0.27890625 0.0921875 0.05625
2 0.715625 0.415625 0.028125 0.0375
2 0.5296875 0.35546875 0.05 0.03125
2 0.175 0.40234375 0.0921875 0.21875
2 0.59140625 0.3546875 0.028125 0.040625
2 0.7765625 0.44609375 0.11875 0.0828125
2 0.88359375 0.4953125 0.10625 0.0671875
2 0.6265625 0.45703125 0.0375 0.0625
2 0.6703125 0.78515625 0.034375 0.2234375
2 0.22578125 0.32265625 0.046875 0.0828125
2 0.6140625 0.3765625 0.0421875 0.065625
2 0.90859375 0.60390625 0.0375 0.084375
2 0.23671875 0.4625 0.0421875 0.05
2 0.58046875 0.43046875 0.05 0.0671875
2 0.246875 0.3109375 0.0453125 0.0625
2 0.68828125 0.378125 0.0375 0.059375
2 0.503125 0.36953125 0.05 0.03125
2 0.66796875 0.690625 0.0375 0.090625
2 0.17109375 0.51484375 0.0203125 0.1359375
2 0.76640625 0.4203125 0.0171875 0.03125
2 0.0984375 0.2796875 0.0421875 0.05
2 0.24140625 0.36171875 0.0296875 0.0375
2 0.2640625 0.34375 0.0203125 0.0375