2 0.47890625 0.4109375 0.315625 0.4359375
2 0.39453125 0.91953125 0.0421875 0.025
2 0.83125 0.13984375 0.15625 0.05625
2 0.93515625 0.4359375 0.128125 0.0453125
2 0.1765625 0.6515625 0.353125 0.35
2 0.10625 0.95703125 0.2125 0.05625
2 0.26328125 0.45390625 0.06875 0.05
2 0.42734375 0.86796875 0.0859375 0.025
2 0.7625 0.41953125 0.153125 0.059375
2 0.9171875 0.04609375 0.1546875 0.03125
2 0.90390625 0.521875 0.178125 0.165625
2 0.3578125 0.27578125 0.19375 0.203125
2 0.39375 0.21171875 0.0796875 0.0703125
2 0.30546875 0.3765625 0.04375 0.046875
2 0.51796875 0.875 0.01875 0.040625
2 0.68828125 0.17421875 0.1859375 0.0625
2 0.5875 0.88515625 0.05 0.0953125
2 0.46640625 0.9359375 0.0984375 0.04375
2 0.88515625 0.09453125 0.146875 0.05
2 0.09140625 0.8734375 0.1828125 0.253125
2 0.65390625 0.71171875 0.1171875 0.28125
2 0.67421875 0.46953125 0.159375 0.28125
2 0.2328125 0.48125 0.240625 0.2328125