0 0.159375 0.540625 0.11875 0.0875
0 0.0921875 0.47421875 0.0875 0.128125
0 0.109375 0.70703125 0.1 0.1296875
0 0.31796875 0.49375 0.084375 0.14375
0 0.59140625 0.5265625 0.0765625 0.028125
0 0.3703125 0.48046875 0.04375 0.06875
0 0.5515625 0.57734375 0.05 0.0453125
0 0.27734375 0.64375 0.0375 0.028125
0 0.2140625 0.55859375 0.025 0.0625
0 0.20234375 0.6515625 0.0375 0.0875
0 0.1625 0.653125 0.059375 0.06875
0 0.4328125 0.696875 0.15 0.0546875
0 0.565625 0.48359375 0.075 0.028125
0 0.296875 0.6296875 0.0375 0.0140625
0 0.678125 0.33671875 0.1 0.0375
0 0.2828125 0.66484375 0.0328125 0.05625
0 0.46015625 0.47890625 0.0375 0.065625
0 0.53046875 0.6140625 0.0453125 0.040625
0 0.4546875 0.534375 0.059375 0.046875
0 0.58359375 0.8125 0.096875 0.109375
0 0.3515625 0.77890625 0.065625 0.153125
0 0.45390625 0.278125 0.0921875 0.1203125
0 0.3625 0.94609375 0.071875 0.075
1 0.64375 0.8203125 0.03125 0.059375
0 0.4484375 0.66015625 0.04375 0.0515625
0 0.00703125 0.82734375 0.0140625 0.084375
0 0.33515625 0.63046875 0.0375 0.0171875
1 0.6359375 0.68671875 0.0234375 0.028125
0 0.61328125 0.59296875 0.028125 0.065625
0 0.05546875 0.609375 0.1 0.0734375
0 0.5046875 0.7484375 0.0265625 0.046875
1 0.62734375 0.76171875 0.01875 0.03125
0 0.19609375 0.82265625 0.290625 0.334375
0 0.49140625 0.3953125 0.2328125 0.1578125
0 0.4578125 0.30390625 0.178125 0.090625
0 0.79296875 0.475 0.16875 0.1328125
0 0.73359375 0.44296875 0.1625 0.19375
0 0.68203125 0.50703125 0.1125 0.159375
0 0.121875 0.3421875 0.1671875 0.19375
0 0.32890625 0.38046875 0.140625 0.0859375
0 0.49609375 0.91953125 0.1890625 0.1609375