2 0.55859375 0.5 0.2078125 0.65
2 0.4578125 0.5984375 0.0375 0.08125
2 0.909375 0.590625 0.0328125 0.090625
2 0.94375 0.29140625 0.1125 0.0796875
2 0.73203125 0.8578125 0.1078125 0.10625
2 0.61796875 0.7890625 0.13125 0.03125
2 0.8390625 0.80234375 0.084375 0.015625
2 0.61953125 0.7359375 0.19375 0.078125
2 0.4640625 0.51796875 0.0625 0.0703125
2 0.8421875 0.903125 0.0546875 0.01875
2 0.4375 0.46796875 0.065625 0.05625
2 0.86171875 0.72890625 0.04375 0.0703125
2 0.49921875 0.76015625 0.09375 0.2015625
2 0.47421875 0.375 0.053125 0.090625
2 0.95546875 0.6171875 0.08125 0.1171875
2 0.40390625 0.26640625 0.1078125 0.0890625
2 0.70703125 0.7609375 0.05625 0.0265625
2 0.6453125 0.64140625 0.209375 0.05
2 0.7046875 0.465625 0.0796875 0.2984375
2 0.61171875 0.09765625 0.1640625 0.028125
2 0.50703125 0.13984375 0.0765625 0.125
2 0.3609375 0.69609375 0.2265625 0.10625