1 0.29296875 0.446875 0.2828125 0.1375
1 0.375 0.80546875 0.2046875 0.2015625
1 0.29296875 0.446875 0.2828125 0.1375
1 0.375 0.80546875 0.2046875 0.2015625
1 0.6484375 0.44296875 0.378125 0.25
1 0.42578125 0.32578125 0.2796875 0.090625
1 0.38359375 0.6484375 0.24375 0.1265625
1 0.1375 0.69921875 0.2734375 0.2875
1 0.61953125 0.6984375 0.271875 0.290625
1 0.51171875 0.75234375 0.1140625 0.10625
1 0.53671875 0.6265625 0.10625 0.11875
1 0.39375 0.5671875 0.1375 0.096875
1 0.30703125 0.5796875 0.0890625 0.09375
1 0.275 0.55078125 0.1203125 0.103125
1 0.15546875 0.52734375 0.1359375 0.1046875