2 0.5 0.44140625 0.65 0.2078125
2 0.5984375 0.5421875 0.08125 0.0375
2 0.590625 0.090625 0.090625 0.0328125
2 0.29140625 0.05625 0.0796875 0.1125
2 0.8578125 0.26796875 0.10625 0.1078125
2 0.7890625 0.38203125 0.03125 0.13125
2 0.80234375 0.1609375 0.015625 0.084375
2 0.7359375 0.38046875 0.078125 0.19375
2 0.51796875 0.5359375 0.0703125 0.0625
2 0.903125 0.1578125 0.01875 0.0546875
2 0.46796875 0.5625 0.05625 0.065625
2 0.72890625 0.13828125 0.06875 0.04375
2 0.76015625 0.50078125 0.2015625 0.09375
2 0.375 0.52578125 0.090625 0.053125
2 0.6171875 0.04453125 0.1171875 0.08125
2 0.26640625 0.59609375 0.0890625 0.1078125
2 0.7609375 0.29296875 0.0265625 0.05625
2 0.64140625 0.3546875 0.05 0.209375
2 0.465625 0.2953125 0.2984375 0.0796875
2 0.09765625 0.38828125 0.028125 0.1640625
2 0.13984375 0.49296875 0.125 0.0765625
2 0.69609375 0.6390625 0.10625 0.2265625