2 0.23515625 0.61953125 0.028125 0.1
2 0.2796875 0.48203125 0.0625 0.140625
2 0.2828125 0.63359375 0.034375 0.0875
2 0.375 0.60859375 0.03125 0.096875
2 0.32578125 0.46328125 0.0484375 0.1296875
2 0.30703125 0.38515625 0.090625 0.0734375
2 0.3015625 0.33359375 0.2265625 0.0171875
2 0.40703125 0.5015625 0.04375 0.115625
2 0.3421875 0.24921875 0.08125 0.1125
2 0.2015625 0.396875 0.0453125 0.103125
2 0.37890625 0.50625 0.0421875 0.175
2 0.27265625 0.20390625 0.078125 0.10625
2 0.2609375 0.58984375 0.1703125 0.075
2 0.39609375 0.4 0.0765625 0.125
2 0.38046875 0.43828125 0.103125 0.028125
2 0.2953125 0.30546875 0.0296875 0.0578125
2 0.40390625 0.3015625 0.05 0.04375
2 0.30625 0.26640625 0.034375 0.015625
2 0.3046875 0.153125 0.021875 0.1
2 0.2328125 0.3171875 0.084375 0.0578125
2 0.23671875 0.27890625 0.0796875 0.0578125
2 0.2453125 0.36875 0.053125 0.0625
2 0.20859375 0.5328125 0.0625 0.0640625
2 0.28203125 0.3953125 0.1609375 0.0953125
2 0.21171875 0.47109375 0.03125 0.053125
2 0.409375 0.56015625 0.053125 0.059375