0 0.134375 0.56328125 0.1875 0.365625
0 0.85859375 0.3640625 0.2703125 0.16875
0 0.46015625 0.2328125 0.2984375 0.209375
0 0.47109375 0.30546875 0.2125 0.128125
1 0.284375 0.7421875 0.04375 0.03125
1 0.721875 0.76171875 0.03125 0.0125
0 0.1453125 0.7625 0.05 0.115625
1 0.35 0.74296875 0.046875 0.025
1 0.81875 0.7625 0.021875 0.015625
0 0.56875 0.54765625 0.146875 0.075
1 0.8546875 0.76328125 0.04375 0.01875
1 0.75234375 0.7625 0.021875 0.015625
1 0.3046875 0.74453125 0.0375 0.028125
0 0.58984375 0.4546875 0.203125 0.15625
0 0.8203125 0.40390625 0.34375 0.2328125
0 0.19453125 0.621875 0.071875 0.421875