0 0.13046875 0.27890625 0.2265625 0.1671875
0 0.66015625 0.28515625 0.2484375 0.21875
0 0.33046875 0.33203125 0.1703125 0.184375
0 0.425 0.48203125 0.1125 0.1875
0 0.49921875 0.2609375 0.10625 0.2046875
0 0.553125 0.48671875 0.1 0.190625
0 0.61171875 0.4328125 0.103125 0.075
0 0.61171875 0.490625 0.071875 0.0796875
0 0.403125 0.3859375 0.08125 0.1078125
0 0.771875 0.37421875 0.0734375 0.275
1 0.8546875 0.45390625 0.0375 0.034375
1 0.8921875 0.53203125 0.021875 0.0125
1 0.9328125 0.54609375 0.015625 0.0125
1 0.89921875 0.79296875 0.021875 0.0328125
1 0.840625 0.80625 0.0671875 0.0625
1 0.8796875 0.78984375 0.025 0.0328125
1 0.83125 0.77421875 0.028125 0.0375
1 0.80078125 0.79765625 0.0296875 0.0375
1 0.80390625 0.76796875 0.04375 0.040625
1 0.78125 0.8046875 0.015625 0.0296875
1 0.77109375 0.7640625 0.015625 0.040625