3 0.06640625 0.2234375 0.1328125 0.11875
0 0.6875 0.571875 0.21484375 0.14453125
0 0.22578125 0.340625 0.06796875 0.084375
0 0.803125 0.5625 0.078125 0.08671875
0 0.49375 0.8609375 0.121875 0.125
3 0.42265625 0.3921875 0.2375 0.19453125
3 0.115625 0.325 0.11015625 0.07265625
0 0.8 0.73828125 0.24375 0.42265625
2 0.90625 0.328125 0.02109375 0.015625
0 0.39609375 0.69296875 0.04453125 0.0640625
0 0.6984375 0.265625 0.0625 0.01484375
0 0.6890625 0.87421875 0.03671875 0.07421875
0 0.54765625 0.30859375 0.103125 0.03125
0 0.7078125 0.215625 0.0734375 0.0375
0 0.89921875 0.20390625 0.0359375 0.04609375
0 0.4015625 0.76796875 0.0359375 0.02109375
0 0.85859375 0.2125 0.04609375 0.03203125
0 0.65390625 0.696875 0.1171875 0.09921875
0 0.74765625 0.2484375 0.075 0.16640625
0 0.66328125 0.2671875 0.0265625 0.01875
0 0.9375 0.20078125 0.12109375 0.11171875
0 0.43671875 0.75234375 0.025 0.04609375
3 0.55859375 0.4578125 0.24609375 0.18359375
0 0.6015625 0.75703125 0.39609375 0.24609375