2 0.3765625 0.6875 0.32421875 0.175
2 0.53203125 0.546875 0.22890625 0.11640625
2 0.19609375 0.465625 0.38828125 0.63359375
2 0.1125 0.2015625 0.21328125 0.28125
2 0.525 0.0984375 0.34296875 0.1375
2 0.625 0.26796875 0.265625 0.121875
2 0.34609375 0.2328125 0.25078125 0.16171875
2 0.79765625 0.46484375 0.221875 0.10078125
2 0.82890625 0.60703125 0.315625 0.184375
2 0.61953125 0.64921875 0.1875 0.1203125
2 0.64140625 0.5046875 0.1640625 0.1125
2 0.8859375 0.04375 0.1671875 0.07421875
2 0.33359375 0.05859375 0.15390625 0.10390625
2 0.8484375 0.13046875 0.20859375 0.10234375