2 0.55390625 0.07734375 0.325 0.153125
2 0.3984375 0.25078125 0.08125 0.18125
2 0.6671875 0.8890625 0.115625 0.221875
2 0.6515625 0.21875 0.0625 0.065625
2 0.78046875 0.375 0.0625 0.059375
2 0.34765625 0.0515625 0.10625 0.084375
2 0.70859375 0.35 0.14375 0.025
2 0.67265625 0.02734375 0.10625 0.028125
2 0.62578125 0.5421875 0.253125 0.271875
2 0.9390625 0.89921875 0.0609375 0.059375
2 0.24453125 0.06796875 0.0765625 0.0875
2 0.44375 0.4328125 0.090625 0.246875
2 0.62265625 0.43515625 0.059375 0.1234375
2 0.8859375 0.83203125 0.03125 0.053125
2 0.778125 0.45390625 0.059375 0.065625
2 0.62265625 0.903125 0.025 0.10625
2 0.50625 0.21171875 0.053125 0.115625
2 0.93828125 0.52421875 0.1203125 0.140625
2 0.6328125 0.3453125 0.040625 0.0375
2 0.14453125 0.1265625 0.146875 0.05625
2 0.521875 0.66328125 0.0625 0.05
2 0.91484375 0.365625 0.1234375 0.025
2 0.37421875 0.15546875 0.13125 0.0109375
2 0.46328125 0.02109375 0.04375 0.040625
2 0.54921875 0.37109375 0.08125 0.103125
2 0.534375 0.28359375 0.071875 0.103125
2 0.86015625 0.403125 0.0328125 0.05
2 0.2265625 0.0109375 0.128125 0.009375
2 0.9140625 0.41015625 0.153125 0.071875
2 0.68359375 0.70546875 0.1328125 0.084375
2 0.4921875 0.4390625 0.06875 0.084375
2 0.61875 0.2703125 0.0921875 0.109375
2 0.5609375 0.084375 0.1515625 0.165625