2 0.77890625 0.05078125 0.065625 0.09375
2 0.5109375 0.1359375 0.0375 0.115625
2 0.91015625 0.9296875 0.0875 0.1390625
2 0.70625 0.221875 0.20625 0.1875
2 0.73984375 0.26875 0.05 0.075
2 0.67890625 0.909375 0.021875 0.0890625
2 0.525 0.59921875 0.115625 0.165625
2 0.5859375 0.41875 0.0796875 0.1640625
2 0.33515625 0.75234375 0.296875 0.2765625
2 0.5234375 0.9734375 0.0765625 0.053125
2 0.85703125 0.11015625 0.0671875 0.04375
2 0.81640625 0.55 0.0875 0.0375
2 0.62265625 0.83671875 0.05 0.046875
2 0.68515625 0.70546875 0.0484375 0.103125
2 0.6609375 0.44453125 0.053125 0.134375
2 0.67734375 0.60625 0.046875 0.1140625
2 0.19453125 0.46171875 0.01875 0.08125
2 0.79453125 0.4640625 0.065625 0.096875
2 0.06640625 0.071875 0.09375 0.0203125
2 0.896875 0.1734375 0.0640625 0.065625
2 0.6328125 0.76796875 0.109375 0.134375
2 0.75859375 0.959375 0.253125 0.0203125
2 0.5765625 0.88515625 0.021875 0.040625
2 0.4875 0.99140625 0.0734375 0.0171875
2 0.228125 0.94453125 0.084375 0.109375
2 0.7109375 0.765625 0.1 0.0328125
2 0.93671875 0.46796875 0.096875 0.0359375
2 0.74921875 0.70859375 0.05625 0.1265625
2 0.4828125 0.04765625 0.090625 0.0953125
2 0.55078125 0.93046875 0.1125 0.1265625
2 0.425 0.9421875 0.1296875 0.1109375
2 0.87421875 0.2296875 0.0703125 0.059375
2 0.2609375 0.921875 0.03125 0.0640625
2 0.7265625 0.58671875 0.0609375 0.121875
2 0.89296875 0.42109375 0.034375 0.16875
2 0.80859375 0.375 0.0546875 0.075
2 0.12265625 0.396875 0.084375 0.065625
2 0.96640625 0.178125 0.059375 0.040625
2 0.38046875 0.32109375 0.134375 0.1640625
2 0.19765625 0.27421875 0.378125 0.134375
2 0.33125 0.80390625 0.028125 0.034375
2 0.16796875 0.83359375 0.125 0.03125
2 0.96328125 0.10703125 0.034375 0.0625
2 0.3796875 0.05 0.11875 0.1
2 0.7984375 0.3109375 0.0515625 0.05625
2 0.1 0.13125 0.053125 0.0125
2 0.04296875 0.5984375 0.0859375 0.1
2 0.0109375 0.128125 0.021875 0.0671875
2 0.6234375 0.915625 0.025 0.0484375
2 0.43359375 0.1453125 0.1390625 0.109375
2 0.51484375 0.7328125 0.08125 0.05
2 0.0671875 0.02734375 0.0875 0.028125
2 0.78359375 0.753125 0.05625 0.059375
2 0.109375 0.34375 0.209375 0.0625
2 0.4515625 0.23984375 0.146875 0.0796875
2 0.659375 0.25625 0.1 0.196875
2 0.52890625 0.259375 0.10625 0.159375
2 0.62109375 0.59609375 0.178125 0.2125
2 0.4109375 0.38046875 0.24375 0.2125