0 0.40234375 0.47421875 0.134375 0.240625
0 0.6453125 0.56796875 0.1625 0.24375
0 0.640625 0.3296875 0.24375 0.403125
0 0.20078125 0.1703125 0.2328125 0.265625
0 0.45078125 0.2265625 0.1375 0.25
0 0.50390625 0.6703125 0.075 0.1875
0 0.59765625 0.12109375 0.046875 0.196875
3 0.1265625 0.06953125 0.1125 0.1390625
3 0.153125 0.8265625 0.2984375 0.3375
0 0.3203125 0.5421875 0.05625 0.065625
0 0.52578125 0.57109375 0.11875 0.090625
3 0.12265625 0.46796875 0.16875 0.2
0 0.53828125 0.10078125 0.071875 0.0875
0 0.60390625 0.7125 0.028125 0.09375
0 0.35859375 0.47265625 0.05625 0.11875
0 0.68203125 0.17578125 0.128125 0.04375
0 0.4203125 0.04375 0.0625 0.0875
0 0.478125 0.83671875 0.05 0.3265625
0 0.36171875 0.740625 0.075 0.08125
0 0.390625 0.0453125 0.0125 0.05625
0 0.55859375 0.659375 0.090625 0.0328125
0 0.41328125 0.675 0.071875 0.178125
0 0.66171875 0.76171875 0.0890625 0.14375