0 0.5515625 0.4515625 0.253125 0.21875
0 0.6546875 0.67734375 0.25625 0.309375
0 0.58359375 0.24453125 0.3640625 0.2328125
0 0.41640625 0.7828125 0.290625 0.3140625
0 0.27734375 0.5125 0.1390625 0.140625
0 0.234375 0.62578125 0.1953125 0.1234375
0 0.078125 0.77421875 0.15 0.1625
0 0.05078125 0.9421875 0.078125 0.0578125
0 0.05078125 0.875 0.1015625 0.071875
0 0.69609375 0.9125 0.059375 0.078125
0 0.421875 0.596875 0.1296875 0.2484375
0 0.35390625 0.45234375 0.1671875 0.21875
0 0.46328125 0.20859375 0.3734375 0.2984375