0 0.8125 0.38515625 0.19375 0.140625
0 0.85078125 0.47734375 0.1109375 0.1296875
0 0.77578125 0.5328125 0.10625 0.165625
0 0.69453125 0.5828125 0.1375 0.103125
0 0.57890625 0.61015625 0.109375 0.0796875
0 0.5703125 0.56640625 0.071875 0.053125
0 0.48203125 0.48671875 0.084375 0.096875
0 0.3484375 0.44921875 0.075 0.1265625
0 0.259375 0.30859375 0.1828125 0.121875
0 0.51953125 0.35546875 0.09375 0.18125
0 0.61640625 0.3265625 0.1484375 0.1140625
0 0.496875 0.246875 0.153125 0.0734375
0 0.4359375 0.32890625 0.0828125 0.1328125
0 0.6796875 0.45234375 0.1625 0.1546875
0 0.63046875 0.4125 0.0796875 0.1078125
0 0.43125 0.45859375 0.090625 0.121875
0 0.12421875 0.3515625 0.1328125 0.13125
0 0.515625 0.54765625 0.046875 0.0296875