2 0.75 0.0875 0.23125 0.175
2 0.18515625 0.46015625 0.146875 0.1
2 0.88828125 0.45078125 0.2234375 0.15
2 0.5078125 0.48828125 0.046875 0.1171875
2 0.39453125 0.86953125 0.19375 0.2421875
2 0.6875 0.571875 0.0796875 0.1296875
2 0.20234375 0.40078125 0.1921875 0.0453125
2 0.821875 0.76953125 0.1921875 0.175
2 0.515625 0.240625 0.1421875 0.115625
2 0.2828125 0.25 0.059375 0.09375
2 0.2453125 0.628125 0.18125 0.11875
2 0.5546875 0.39296875 0.065625 0.084375
2 0.3046875 0.859375 0.040625 0.140625
2 0.71015625 0.296875 0.028125 0.165625
2 0.1796875 0.63203125 0.071875 0.0890625
2 0.36015625 0.7203125 0.221875 0.1703125
2 0.0921875 0.30078125 0.18125 0.10625
2 0.51171875 0.09921875 0.090625 0.184375
2 0.2515625 0.753125 0.1125 0.06875
2 0.7390625 0.246875 0.053125 0.1484375
2 0.3703125 0.03046875 0.03125 0.059375
2 0.57265625 0.60546875 0.0359375 0.0703125
2 0.375 0.11484375 0.046875 0.05625
2 0.815625 0.478125 0.04375 0.0703125
2 0.8046875 0.58828125 0.0625 0.090625
2 0.43203125 0.61640625 0.0765625 0.0828125
2 0.67890625 0.01484375 0.040625 0.0296875
2 0.92578125 0.6890625 0.08125 0.053125
2 0.36015625 0.946875 0.0390625 0.10625
2 0.28203125 0.175 0.071875 0.015625
2 0.16953125 0.18515625 0.084375 0.10625
2 0.63359375 0.07265625 0.078125 0.009375
2 0.759375 0.93828125 0.1125 0.1171875
2 0.76953125 0.71640625 0.1 0.078125
2 0.14140625 0.40390625 0.096875 0.103125
2 0.1875 0.584375 0.3046875 0.025
2 0.6859375 0.465625 0.0765625 0.0375
2 0.9125 0.6390625 0.1703125 0.03125
1 0.34140625 0.29453125 0.015625 0.009375
1 0.453125 0.1515625 0.03125 0.015625
2 0.61875 0.70625 0.1109375 0.071875
2 0.24921875 0.15703125 0.021875 0.040625
2 0.396875 0.3203125 0.05625 0.0125
1 0.35234375 0.2875 0.0125 0.0125
1 0.490625 0.08984375 0.025 0.015625
1 0.45546875 0.23515625 0.0171875 0.0125
2 0.45546875 0.04453125 0.0515625 0.009375
2 0.41640625 0.51796875 0.034375 0.025
1 0.5921875 0.35859375 0.028125 0.028125
1 0.3359375 0.125 0.009375 0.0109375
2 0.4015625 0.35390625 0.0484375 0.0203125
2 0.73046875 0.05234375 0.059375 0.040625
2 0.6609375 0.8390625 0.053125 0.0734375
2 0.5921875 0.059375 0.03125 0.021875