3 0.7171875 0.665625 0.14375 0.1828125
3 0.66328125 0.1171875 0.1671875 0.14375
0 0.4546875 0.61796875 0.2078125 0.6234375
0 0.603125 0.72421875 0.1546875 0.196875
0 0.77421875 0.4375 0.0515625 0.0375
0 0.7765625 0.39140625 0.05 0.04375
0 0.825 0.3890625 0.05 0.04375
0 0.82421875 0.35078125 0.04375 0.04375
0 0.77578125 0.34609375 0.04375 0.03125
0 0.77578125 0.30703125 0.046875 0.0421875
0 0.7671875 0.26484375 0.03125 0.040625
0 0.76875 0.10703125 0.0265625 0.04375
0 0.7875 0.05859375 0.025 0.0296875
0 0.7921875 0.10546875 0.025 0.028125
0 0.7671875 0.21796875 0.0265625 0.04375
2 0.63984375 0.38203125 0.1765625 0.23125
0 0.5765625 0.3625 0.128125 0.14375
2 0.50078125 0.0515625 0.0546875 0.0875
0 0.78984375 0.02578125 0.015625 0.040625
0 0.69453125 0.95703125 0.071875 0.084375
0 0.7859375 0.1921875 0.040625 0.0296875
0 0.79453125 0.25703125 0.034375 0.028125
0 0.61640625 0.95390625 0.040625 0.0890625
2 0.4921875 0.3765625 0.0390625 0.053125
0 0.55625 0.959375 0.0359375 0.08125
0 0.52734375 0.96328125 0.034375 0.071875
0 0.78515625 0.14921875 0.021875 0.053125
0 0.7984375 0.22421875 0.028125 0.034375
0 0.65078125 0.9578125 0.040625 0.084375
0 0.58828125 0.95234375 0.0328125 0.0953125
0 0.4390625 0.9609375 0.146875 0.078125