1 0.246875 0.61875 0.22734375 0.225
1 0.7703125 0.5609375 0.09921875 0.18671875
1 0.49375 0.6671875 0.1359375 0.10859375
1 0.521875 0.7546875 0.1140625 0.1171875
1 0.584375 0.6890625 0.05703125 0.04375
1 0.0734375 0.559375 0.146875 0.14375
1 0.0953125 0.62578125 0.08203125 0.10859375
1 0.1984375 0.421875 0.16015625 0.10078125
1 0.62734375 0.4203125 0.0953125 0.17421875
1 0.365625 0.18984375 0.06953125 0.0703125
1 0.3578125 0.378125 0.14453125 0.240625
1 0.0328125 0.5703125 0.0421875 0.096875
1 0.47109375 0.2765625 0.10390625 0.12890625
1 0.496875 0.40078125 0.17890625 0.16640625
1 0.6109375 0.2796875 0.06328125 0.1140625
1 0.6140625 0.62734375 0.103125 0.16015625
1 0.81171875 0.74375 0.12109375 0.11015625
1 0.83828125 0.4578125 0.09140625 0.1234375
1 0.89453125 0.50234375 0.11640625 0.12734375
1 0.9078125 0.4140625 0.13984375 0.1125
1 0.7296875 0.29375 0.0765625 0.07734375
1 0.55546875 0.24296875 0.08828125 0.1140625
1 0.334375 0.25078125 0.0328125 0.0234375
1 0.23671875 0.3421875 0.1234375 0.1046875
1 0.09375 0.40390625 0.0875 0.08984375
1 0.02421875 0.4046875 0.0484375 0.1375
1 0.046875 0.403125 0.0484375 0.09375
1 0.690625 0.79375 0.09453125 0.1125
1 0.60546875 0.7953125 0.11640625 0.125
1 0.45 0.77734375 0.0734375 0.06015625
1 0.84765625 0.5890625 0.09921875 0.1078125
1 0.09921875 0.75078125 0.10859375 0.0859375
1 0.35703125 0.76875 0.3125 0.08515625
1 0.9578125 0.69609375 0.084375 0.08515625
1 0.959375 0.48984375 0.065625 0.09765625
1 0.6859375 0.60546875 0.13046875 0.10625
1 0.5171875 0.5203125 0.18984375 0.15625
1 0.80390625 0.4015625 0.1015625 0.12109375
1 0.38671875 0.528125 0.16484375 0.1390625
1 0.25859375 0.48359375 0.10078125 0.1171875
1 0.18046875 0.5328125 0.12578125 0.1421875
1 0.87421875 0.95546875 0.13828125 0.0890625
1 0.71171875 0.97109375 0.05078125 0.0578125
1 0.77734375 0.98984375 0.034375 0.0203125
1 0.23984375 0.903125 0.025 0.02109375