0 0.66171875 0.77265625 0.3078125 0.2703125
0 0.5375 0.62890625 0.240625 0.24375
0 0.53984375 0.23125 0.16875 0.196875
0 0.78125 0.25 0.203125 0.21875
0 0.2703125 0.40859375 0.11875 0.16875
0 0.240625 0.33125 0.1203125 0.0421875
0 0.2453125 0.525 0.134375 0.2421875
0 0.23046875 0.26015625 0.040625 0.0625
0 0.30234375 0.2515625 0.0375 0.0734375
0 0.53046875 0.4984375 0.1921875 0.096875
0 0.3296875 0.51875 0.184375 0.1953125
0 0.240625 0.40390625 0.13125 0.103125
0 0.1015625 0.30234375 0.03125 0.05