2 0.63203125 0.53359375 0.4453125 0.64375
2 0.63046875 0.1875 0.215625 0.090625
2 0.48125 0.94453125 0.0953125 0.090625
2 0.884375 0.45078125 0.0515625 0.059375
2 0.5421875 0.8421875 0.246875 0.3078125
2 0.4921875 0.18515625 0.196875 0.36875
2 0.2359375 0.0734375 0.1015625 0.14375
2 0.453125 0.078125 0.125 0.153125
2 0.63125 0.08359375 0.165625 0.1515625
2 0.80234375 0.4296875 0.1078125 0.1546875
2 0.6796875 0.52734375 0.1875 0.203125
2 0.86796875 0.68671875 0.04375 0.103125
2 0.78515625 0.11328125 0.028125 0.11875
2 0.81015625 0.05546875 0.025 0.065625