1 0.46484375 0.509375 0.165625 0.1453125
1 0.521875 0.7109375 0.1203125 0.2328125
1 0.5921875 0.53671875 0.109375 0.109375
1 0.46484375 0.509375 0.165625 0.1453125
1 0.521875 0.7109375 0.1203125 0.2328125
1 0.5921875 0.53671875 0.109375 0.109375
1 0.84296875 0.3890625 0.121875 0.09375
1 0.7484375 0.33359375 0.046875 0.0625
1 0.71640625 0.3671875 0.0375 0.03125
1 0.78125 0.40234375 0.0609375 0.0515625
1 0.77578125 0.46875 0.046875 0.034375
1 0.7421875 0.51875 0.0125 0.0328125
1 0.334375 0.29453125 0.05 0.04375
1 0.24921875 0.34140625 0.0734375 0.04375
1 0.19609375 0.27890625 0.075 0.05
1 0.06640625 0.2109375 0.05625 0.046875
1 0.08515625 0.36171875 0.040625 0.05
1 0.13828125 0.371875 0.053125 0.0125
1 0.18203125 0.3875 0.0859375 0.0515625
1 0.25390625 0.44921875 0.096875 0.16875
1 0.1984375 0.440625 0.0359375 0.025
1 0.24765625 0.29765625 0.0296875 0.0296875
1 0.71328125 0.1609375 0.05 0.028125
1 0.51171875 0.26640625 0.1625 0.125
1 0.58515625 0.31171875 0.1625 0.125
1 0.60625 0.365625 0.03125 0.040625
1 0.6453125 0.409375 0.146875 0.165625
1 0.7234375 0.41953125 0.040625 0.040625
1 0.6875 0.51640625 0.1 0.084375
1 0.6734375 0.5765625 0.059375 0.0328125
1 0.61640625 0.625 0.053125 0.04375
1 0.38984375 0.7625 0.0296875 0.065625
1 0.43046875 0.75546875 0.053125 0.04375
1 0.28671875 0.76640625 0.0421875 0.06875
1 0.3609375 0.75390625 0.01875 0.0375
1 0.5875 0.78515625 0.0359375 0.046875
1 0.73203125 0.61875 0.05 0.025
1 0.334375 0.35859375 0.053125 0.05625
1 0.440625 0.3796875 0.1125 0.128125
1 0.54453125 0.39375 0.0609375 0.04375
1 0.3828125 0.43515625 0.040625 0.103125