0 0.66171875 0.35625 0.153125 0.090625
0 0.58515625 0.7953125 0.1234375 0.4046875
0 0.39375 0.59609375 0.0859375 0.109375
0 0.2046875 0.5765625 0.15 0.1
0 0.0625 0.465625 0.11875 0.1359375
0 0.71328125 0.49375 0.175 0.146875
0 0.4453125 0.38203125 0.2234375 0.1734375
0 0.3640625 0.62890625 0.125 0.1375
0 0.49375 0.58984375 0.0546875 0.0921875
0 0.59921875 0.61640625 0.0609375 0.1046875
0 0.73125 0.56328125 0.09375 0.05625
0 0.8453125 0.4734375 0.090625 0.1296875
0 0.24921875 0.42421875 0.1671875 0.20625
0 0.1953125 0.5140625 0.33125 0.2734375
0 0.55625 0.49296875 0.215625 0.228125
0 0.48515625 0.65390625 0.109375 0.096875
0 0.42109375 0.48515625 0.196875 0.1875
0 0.88203125 0.40078125 0.184375 0.159375
0 0.959375 0.4515625 0.08125 0.096875