1 0.246875 0.38125 0.228125 0.225
1 0.7703125 0.4390625 0.1 0.1875
1 0.49375 0.3328125 0.1359375 0.109375
1 0.521875 0.2453125 0.1140625 0.1171875
1 0.584375 0.3109375 0.05625 0.04375
1 0.0734375 0.440625 0.146875 0.14375
1 0.0953125 0.37421875 0.0828125 0.109375
1 0.1984375 0.578125 0.159375 0.1015625
1 0.62734375 0.5796875 0.0953125 0.175
1 0.365625 0.81015625 0.06875 0.0703125
1 0.3578125 0.621875 0.14375 0.240625
1 0.0328125 0.4296875 0.0421875 0.096875
1 0.47109375 0.7234375 0.103125 0.128125
1 0.496875 0.59921875 0.178125 0.165625
1 0.6109375 0.7203125 0.0625 0.1140625
1 0.6140625 0.37265625 0.103125 0.159375
1 0.81171875 0.25625 0.121875 0.1109375
1 0.83828125 0.5421875 0.090625 0.1234375
1 0.89453125 0.49765625 0.115625 0.128125
1 0.9078125 0.5859375 0.140625 0.1125
1 0.7296875 0.70625 0.0765625 0.078125
1 0.55546875 0.75703125 0.0875 0.1140625
1 0.334375 0.74921875 0.0328125 0.0234375
1 0.23671875 0.6578125 0.1234375 0.1046875
1 0.09375 0.59609375 0.0875 0.090625
1 0.02421875 0.5953125 0.0484375 0.1375
1 0.046875 0.596875 0.0484375 0.09375
1 0.690625 0.20625 0.09375 0.1125
1 0.60546875 0.2046875 0.115625 0.125
1 0.45 0.22265625 0.0734375 0.059375
1 0.84765625 0.4109375 0.1 0.1078125
1 0.09921875 0.24921875 0.109375 0.0859375
1 0.35703125 0.23125 0.3125 0.084375
1 0.9578125 0.30390625 0.084375 0.084375
1 0.959375 0.51015625 0.065625 0.096875
1 0.6859375 0.39453125 0.13125 0.10625
1 0.5171875 0.4796875 0.190625 0.15625
1 0.80390625 0.5984375 0.1015625 0.121875
1 0.38671875 0.471875 0.165625 0.1390625
1 0.25859375 0.51640625 0.1 0.1171875
1 0.18046875 0.4671875 0.1265625 0.1421875
1 0.87421875 0.04453125 0.1375 0.0890625
1 0.71171875 0.02890625 0.05 0.0578125
1 0.77734375 0.01015625 0.034375 0.0203125
1 0.23984375 0.096875 0.025 0.021875