1 0.5984375 0.603125 0.109375 0.1234375
1 0.5234375 0.2921875 0.065625 0.0859375
1 0.53359375 0.475 0.040625 0.0828125
1 0.51328125 0.61171875 0.078125 0.1765625
1 0.4375 0.6515625 0.0546875 0.078125
1 0.246875 0.428125 0.0859375 0.0578125
1 0.29921875 0.34296875 0.08125 0.053125
1 0.409375 0.3828125 0.0765625 0.0890625
1 0.49765625 0.35546875 0.09375 0.175
1 0.36640625 0.265625 0.065625 0.090625
1 0.63828125 0.58125 0.059375 0.078125
1 0.571875 0.46015625 0.040625 0.1171875
1 0.54921875 0.36328125 0.0234375 0.028125
1 0.42734375 0.45703125 0.053125 0.034375
1 0.209375 0.38515625 0.040625 0.04375
1 0.3171875 0.56328125 0.096875 0.090625
1 0.36796875 0.4359375 0.1 0.065625
1 0.40234375 0.54375 0.0890625 0.08125
1 0.4625 0.28828125 0.0703125 0.1125
1 0.403125 0.26640625 0.05625 0.078125
1 0.35 0.33984375 0.0375 0.0671875
1 0.3203125 0.49609375 0.0890625 0.0265625
1 0.42890625 0.4078125 0.0625 0.053125
1 0.41875 0.334375 0.0390625 0.05625
1 0.3890625 0.478125 0.1 0.034375
1 0.50625 0.4890625 0.046875 0.0640625
1 0.22890625 0.3171875 0.0578125 0.10625
1 0.31796875 0.38125 0.03125 0.040625
1 0.3203125 0.50859375 0.084375 0.0203125
1 0.3875 0.325 0.0484375 0.05
1 0.38515625 0.509375 0.0578125 0.028125
1 0.62578125 0.63359375 0.040625 0.05625
1 0.35234375 0.596875 0.253125 0.2
1 0.2703125 0.2921875 0.115625 0.15