1 0.70703125 0.446875 0.2828125 0.1375
1 0.625 0.80546875 0.2046875 0.2015625
1 0.70703125 0.446875 0.2828125 0.1375
1 0.625 0.80546875 0.2046875 0.2015625
1 0.3515625 0.44296875 0.378125 0.25
1 0.57421875 0.32578125 0.2796875 0.090625
1 0.61640625 0.6484375 0.24375 0.1265625
1 0.8625 0.69921875 0.2734375 0.2875
1 0.38046875 0.6984375 0.271875 0.290625
1 0.48828125 0.75234375 0.1140625 0.10625
1 0.46328125 0.6265625 0.10625 0.11875
1 0.60625 0.5671875 0.1375 0.096875
1 0.69296875 0.5796875 0.0890625 0.09375
1 0.725 0.55078125 0.1203125 0.103125
1 0.84453125 0.52734375 0.1359375 0.103125