0 0.43671875 0.865625 0.365625 0.1890625
0 0.6359375 0.14140625 0.16875 0.2703125
0 0.7671875 0.53984375 0.209375 0.2984375
0 0.69453125 0.52890625 0.128125 0.2125
1 0.2578125 0.715625 0.03125 0.04375
1 0.23828125 0.278125 0.0125 0.03125
0 0.2375 0.8546875 0.115625 0.05
1 0.25703125 0.65 0.025 0.046875
1 0.2375 0.18125 0.015625 0.021875
0 0.45234375 0.43125 0.075 0.146875
1 0.23671875 0.1453125 0.01875 0.04375
1 0.2375 0.24765625 0.015625 0.021875
1 0.25546875 0.6953125 0.028125 0.0375
0 0.5453125 0.41015625 0.15625 0.203125
0 0.59609375 0.1796875 0.2328125 0.34375
0 0.378125 0.80546875 0.421875 0.071875