0 0.61484375 0.84375 0.153125 0.309375
0 0.72890625 0.315625 0.146875 0.2421875
0 0.3828125 0.51484375 0.34375 0.38125
0 0.27734375 0.8375 0.296875 0.31875
0 0.70703125 0.590625 0.03125 0.2421875
0 0.6515625 0.590625 0.090625 0.234375
0 0.5734375 0.46796875 0.0734375 0.121875
0 0.67421875 0.7890625 0.0453125 0.1734375
0 0.39921875 0.22578125 0.209375 0.375
0 0.73203125 0.5828125 0.028125 0.115625
0 0.76953125 0.30625 0.0328125 0.1140625
0 0.75703125 0.45625 0.0359375 0.0921875
0 0.49921875 0.103125 0.090625 0.1390625
0 0.4265625 0.76328125 0.084375 0.178125
0 0.6828125 0.6453125 0.034375 0.140625
0 0.55 0.08125 0.0484375 0.0859375
0 0.7703125 0.4 0.021875 0.0734375
0 0.5828125 0.20390625 0.0546875 0.10625
0 0.69375 0.775 0.021875 0.121875
0 0.521875 0.3640625 0.040625 0.0828125
0 0.57578125 0.071875 0.021875 0.040625
0 0.79140625 0.3125 0.015625 0.0859375
0 0.57578125 0.3375 0.15625 0.159375
0 0.60703125 0.1140625 0.103125 0.08125