0 0.15078125 0.3703125 0.1828125 0.3234375
0 0.46953125 0.55625 0.25 0.503125
0 0.67109375 0.62421875 0.328125 0.5046875
0 0.271875 0.51796875 0.06875 0.128125
0 0.26484375 0.25703125 0.103125 0.1
0 0.27890625 0.38125 0.103125 0.15
0 0.796875 0.5859375 0.1 0.265625
0 0.87890625 0.5203125 0.0703125 0.125
0 0.86796875 0.3984375 0.0796875 0.125
0 0.8109375 0.43515625 0.0875 0.0828125
0 0.75390625 0.34375 0.16875 0.13125
0 0.515625 0.23125 0.134375 0.175
0 0.384375 0.22578125 0.1265625 0.1734375
0 0.31171875 0.19375 0.125 0.0796875
0 0.61953125 0.1984375 0.096875 0.115625
0 0.63125 0.3 0.0875 0.1109375