1 0.1859375 0.028125 0.0875 0.05625
2 0.415625 0.55859375 0.115625 0.353125
2 0.61171875 0.609375 0.0765625 0.053125
2 0.63125 0.8421875 0.053125 0.246875
2 0.66328125 0.7953125 0.028125 0.1625
2 0.7625 0.228125 0.1296875 0.2046875
2 0.58984375 0.45234375 0.06875 0.1203125
2 0.7546875 0.02734375 0.096875 0.0546875
2 0.5765625 0.78828125 0.0859375 0.19375
2 0.8203125 0.24453125 0.075 0.2578125
2 0.7765625 0.5296875 0.034375 0.2125
2 0.30625 0.8765625 0.0796875 0.246875
2 0.51328125 0.13984375 0.059375 0.2796875
2 0.39296875 0.21875 0.04375 0.1203125
2 0.57421875 0.29296875 0.040625 0.09375
2 0.4875 0.61171875 0.08125 0.11875
1 0.35546875 0.3578125 0.015625 0.015625
1 0.146875 0.11171875 0.08125 0.046875
1 0.43515625 0.021875 0.040625 0.040625
1 0.25859375 0.02734375 0.0234375 0.028125
2 0.85 0.015625 0.209375 0.0171875
1 0.04453125 0.7953125 0.0390625 0.028125
1 0.1875 0.25859375 0.065625 0.0703125
1 0.5703125 0.07578125 0.046875 0.05625
1 0.22734375 0.45703125 0.0390625 0.05625
1 0.1015625 0.3453125 0.0125 0.0171875
1 0.478125 0.05703125 0.028125 0.0375
1 0.25703125 0.08984375 0.025 0.025
2 0.209375 0.51484375 0.215625 0.15625
1 0.32578125 0.41953125 0.0328125 0.021875
1 0.428125 0.1765625 0.0296875 0.0328125
1 0.32578125 0.9234375 0.0234375 0.03125
1 0.2671875 0.25625 0.0265625 0.034375
1 0.290625 0.3453125 0.0328125 0.021875
1 0.346875 0.1328125 0.03125 0.04375
1 0.42734375 0.096875 0.03125 0.03125
1 0.2171875 0.04140625 0.0203125 0.015625
2 0.53125 0.4640625 0.084375 0.10625
1 0.4171875 0.1515625 0.028125 0.021875
2 0.08046875 0.22265625 0.103125 0.040625
1 0.0359375 0.33984375 0.0296875 0.015625
1 0.30390625 0.26953125 0.01875 0.009375
1 0.2375 0.375 0.0875 0.06875
2 0.84453125 0.5109375 0.0828125 0.0375
2 0.6546875 0.3703125 0.121875 0.24375
2 0.678125 0.5125 0.1640625 0.184375
2 0.66875 0.6765625 0.103125 0.128125
2 0.6421875 0.17421875 0.090625 0.13125