0 0.6171875 0.3265625 0.35234375 0.3859375
0 0.3421875 0.3171875 0.21484375 0.25078125
0 0.24921875 0.728125 0.32421875 0.22578125
0 0.22421875 0.67734375 0.2484375 0.1125
0 0.63984375 0.6765625 0.225 0.08046875
0 0.646875 0.596875 0.14296875 0.1234375
0 0.55078125 0.56875 0.06953125 0.10859375
0 0.41875 0.5640625 0.1265625 0.15078125
0 0.3609375 0.4734375 0.18359375 0.2640625
0 0.19765625 0.5859375 0.20546875 0.09453125
0 0.4984375 0.6765625 0.1296875 0.14765625
0 0.75625 0.53046875 0.1828125 0.15390625
0 0.821875 0.4984375 0.15234375 0.16015625
0 0.83046875 0.3796875 0.1515625 0.20546875