0 0.646875 0.31171875 0.1546875 0.1921875
0 0.5796875 0.56015625 0.2328125 0.20625
0 0.53046875 0.16484375 0.19375 0.128125
0 0.35546875 0.22734375 0.1875 0.2
0 0.78671875 0.4859375 0.090625 0.1125
0 0.7296875 0.47109375 0.125 0.1375
0 0.8234375 0.3890625 0.121875 0.0828125
0 0.484375 0.35 0.109375 0.125
0 0.41953125 0.5421875 0.096875 0.103125
0 0.415625 0.6578125 0.140625 0.065625
0 0.41796875 0.60390625 0.11875 0.0546875
0 0.41484375 0.4703125 0.1 0.053125
0 0.3546875 0.4328125 0.0359375 0.0828125
0 0.30859375 0.31953125 0.0578125 0.059375
0 0.20546875 0.2171875 0.0765625 0.05
0 0.37421875 0.3734375 0.0734375 0.096875
0 0.48984375 0.6234375 0.065625 0.20625
0 0.521875 0.6546875 0.040625 0.1359375
0 0.5953125 0.68671875 0.090625 0.053125
0 0.73671875 0.5984375 0.0625 0.084375
0 0.5609375 0.4203125 0.0390625 0.059375