0 0.18203125 0.625 0.2203125 0.21796875
0 0.5140625 0.63046875 0.27890625 0.2765625
0 0.88203125 0.55078125 0.23515625 0.26484375
0 0.065625 0.4046875 0.13125 0.19609375
0 0.55 0.23984375 0.14921875 0.06328125
0 0.69765625 0.60078125 0.13359375 0.31640625
0 0.51171875 0.4765625 0.25234375 0.109375
0 0.2609375 0.415625 0.08515625 0.046875
2 0.83359375 0.4515625 0.14765625 0.0921875
0 0.7078125 0.3265625 0.21015625 0.05
0 0.43125 0.3515625 0.29609375 0.03515625
0 0.053125 0.56796875 0.0796875 0.1765625
0 0.22109375 0.59765625 0.334375 0.240625
0 0.44375 0.43046875 0.334375 0.1390625
0 0.72265625 0.40546875 0.14453125 0.121875
0 0.82734375 0.56484375 0.1765625 0.05
0 0.43359375 0.2078125 0.1453125 0.08515625
0 0.80859375 0.6328125 0.1109375 0.15703125