1 0.396875 0.5984375 0.1234375 0.109375
1 0.7078125 0.5234375 0.0859375 0.065625
1 0.525 0.53359375 0.0828125 0.040625
1 0.38828125 0.51328125 0.1765625 0.078125
1 0.3484375 0.4375 0.078125 0.0546875
1 0.571875 0.246875 0.0578125 0.0859375
1 0.65703125 0.29921875 0.053125 0.08125
1 0.6171875 0.409375 0.0890625 0.0765625
1 0.64453125 0.49765625 0.175 0.09375
1 0.734375 0.36640625 0.090625 0.065625
1 0.41875 0.63828125 0.078125 0.059375
1 0.53984375 0.571875 0.1171875 0.040625
1 0.63671875 0.54921875 0.028125 0.0234375
1 0.54296875 0.42734375 0.034375 0.053125
1 0.61484375 0.209375 0.04375 0.040625
1 0.43671875 0.3171875 0.090625 0.096875
1 0.5640625 0.36796875 0.065625 0.1
1 0.45625 0.40234375 0.08125 0.0890625
1 0.71171875 0.4625 0.1125 0.0703125
1 0.73359375 0.403125 0.078125 0.05625
1 0.66015625 0.35 0.0671875 0.0375
1 0.50390625 0.3203125 0.0265625 0.0890625
1 0.5921875 0.42890625 0.053125 0.0625
1 0.665625 0.41875 0.05625 0.0390625
1 0.521875 0.3890625 0.034375 0.1
1 0.5109375 0.50625 0.0640625 0.046875
1 0.6828125 0.22890625 0.10625 0.0578125
1 0.61875 0.31796875 0.040625 0.03125
1 0.49140625 0.3203125 0.0203125 0.084375
1 0.675 0.3875 0.05 0.0484375
1 0.490625 0.38515625 0.028125 0.0578125
1 0.36640625 0.62578125 0.05625 0.040625
1 0.403125 0.35234375 0.2015625 0.253125
1 0.7078125 0.2703125 0.15 0.115625