0 0.58515625 0.9171875 0.2921875 0.1625
0 0.63203125 0.76953125 0.1640625 0.19375
0 0.43203125 0.74765625 0.284375 0.153125
0 0.37421875 0.11484375 0.2859375 0.159375
0 0.4375 0.415625 0.18125 0.125
0 0.39296875 0.2546875 0.215625 0.1578125
0 0.4484375 0.5484375 0.240625 0.1453125
0 0.75390625 0.61171875 0.278125 0.125
0 0.6109375 0.53203125 0.128125 0.1015625
0 0.48203125 0.6328125 0.265625 0.1203125
0 0.1 0.921875 0.1375 0.09375
0 0.17265625 0.8859375 0.14375 0.2171875
0 0.359375 0.8890625 0.2234375 0.159375
0 0.73671875 0.9515625 0.0828125 0.096875