2 0.1375 0.46796875 0.25078125 0.2328125
2 0.36640625 0.40078125 0.10703125 0.15078125
2 0.2953125 0.50234375 0.08671875 0.35703125
2 0.4765625 0.2234375 0.0109375 0.12265625
2 0.590625 0.45546875 0.05625 0.27109375
2 0.5421875 0.24375 0.01953125 0.1515625
2 0.52578125 0.65078125 0.10390625 0.165625
2 0.49453125 0.43125 0.0703125 0.30078125
2 0.46796875 0.32421875 0.05859375 0.284375
2 0.64765625 0.415625 0.034375 0.21640625
2 0.475 0.53828125 0.12421875 0.1640625
2 0.4890625 0.22890625 0.03125 0.1640625