0 0.765625 0.5203125 0.29140625 0.17109375
0 0.275 0.4015625 0.34921875 0.16953125
0 0.13046875 0.30859375 0.07109375 0.03984375
3 0.87109375 0.26640625 0.23046875 0.09296875
3 0.7328125 0.2734375 0.12109375 0.065625
3 0.64375 0.2640625 0.0828125 0.0703125
3 0.58203125 0.24765625 0.05078125 0.03671875
3 0.5171875 0.2578125 0.084375 0.0578125
3 0.4359375 0.2484375 0.07421875 0.0578125
3 0.36875 0.24296875 0.05859375 0.05
3 0.321875 0.2359375 0.03359375 0.03203125
3 0.29140625 0.2359375 0.0296875 0.02265625
3 0.23828125 0.2359375 0.04453125 0.02578125
3 0.26875 0.2328125 0.01796875 0.0140625