2 0.4671875 0.384375 0.0375 0.140625
2 0.27265625 0.4984375 0.03125 0.13125
2 0.346875 0.690625 0.05 0.0859375
2 0.115625 0.48515625 0.0703125 0.0828125
2 0.6875 0.740625 0.034375 0.08125
2 0.76328125 0.72421875 0.01875 0.071875
2 0.55546875 0.54453125 0.05 0.1109375
2 0.07578125 0.296875 0.1390625 0.0828125
2 0.384375 0.64375 0.0359375 0.103125
2 0.78359375 0.7453125 0.0265625 0.0625
2 0.34140625 0.75390625 0.06875 0.05
2 0.40390625 0.68828125 0.075 0.05625
2 0.521875 0.471875 0.0296875 0.084375
2 0.484375 0.684375 0.0609375 0.090625
2 0.27109375 0.58984375 0.046875 0.0921875
2 0.659375 0.59140625 0.0390625 0.0765625
2 0.3734375 0.51484375 0.096875 0.053125
2 0.90078125 0.68359375 0.05 0.06875
2 0.7171875 0.68984375 0.01875 0.075
2 0.71015625 0.78046875 0.0484375 0.075
2 0.42734375 0.6171875 0.075 0.0921875
2 0.1890625 0.3921875 0.05 0.0484375
0 0.42734375 0.8828125 0.065625 0.025
2 0.809375 0.73515625 0.034375 0.046875
2 0.7953125 0.58359375 0.0265625 0.059375
2 0.76796875 0.615625 0.028125 0.046875
2 0.43984375 0.7828125 0.0625 0.084375
2 0.51484375 0.7859375 0.059375 0.075
2 0.534375 0.665625 0.075 0.0875
2 0.20859375 0.60546875 0.04375 0.103125
2 0.29765625 0.72265625 0.046875 0.0359375
2 0.73046875 0.83671875 0.0171875 0.0484375
2 0.6046875 0.76953125 0.0421875 0.0625
2 0.3859375 0.353125 0.059375 0.046875
2 0.82578125 0.58046875 0.025 0.05
2 0.41796875 0.44140625 0.0828125 0.034375
2 0.375 0.78203125 0.0703125 0.0375
2 0.84453125 0.71640625 0.03125 0.059375
2 0.340625 0.57265625 0.021875 0.05625
2 0.2515625 0.65625 0.0359375 0.053125
2 0.66328125 0.6671875 0.040625 0.0671875
2 0.6578125 0.80390625 0.025 0.08125
2 0.3265625 0.4625 0.053125 0.0453125
2 0.58671875 0.4734375 0.096875 0.1125
0 0.18515625 0.934375 0.0234375 0.009375
2 0.94609375 0.68046875 0.046875 0.0625
2 0.884375 0.640625 0.01875 0.0359375
2 0.8 0.8078125 0.0703125 0.025
2 0.21640625 0.34375 0.021875 0.13125
2 0.275 0.334375 0.0359375 0.04375
2 0.46640625 0.8265625 0.0609375 0.028125
2 0.69375 0.83046875 0.01875 0.0390625
2 0.62109375 0.66484375 0.028125 0.078125
2 0.20625 0.490625 0.040625 0.0375
2 0.1046875 0.52890625 0.065625 0.0359375
2 0.83671875 0.78828125 0.0453125 0.053125
0 0.26640625 0.9671875 0.0625 0.0578125
2 0.31015625 0.30234375 0.04375 0.04375
2 0.0625 0.51484375 0.046875 0.04375
2 0.61875 0.83671875 0.04375 0.01875
2 0.16328125 0.575 0.0484375 0.0328125
2 0.60546875 0.80703125 0.05625 0.025
2 0.70390625 0.56328125 0.03125 0.075
2 0.76015625 0.5515625 0.040625 0.0328125
2 0.8671875 0.62109375 0.021875 0.034375
2 0.7625 0.834375 0.0421875 0.01875
2 0.28671875 0.25234375 0.04375 0.05625
2 0.36484375 0.54765625 0.025 0.028125
2 0.87421875 0.74921875 0.0359375 0.028125
2 0.315625 0.525 0.0484375 0.1203125
2 0.16484375 0.50703125 0.096875 0.115625
2 0.78984375 0.65703125 0.053125 0.06875
2 0.74140625 0.6875 0.028125 0.096875
2 0.4828125 0.50703125 0.09375 0.0859375
2 0.54453125 0.8359375 0.1 0.04375
2 0.3 0.66796875 0.053125 0.071875
2 0.125 0.57421875 0.0828125 0.0515625
2 0.17890625 0.2859375 0.08125 0.109375
2 0.05625 0.41875 0.0640625 0.090625
2 0.13203125 0.39140625 0.10625 0.053125
2 0.13359375 0.35625 0.125 0.0515625
2 0.321875 0.61796875 0.096875 0.05
2 0.35078125 0.6921875 0.065625 0.103125
2 0.6375 0.515625 0.075 0.0796875
2 0.32109375 0.36640625 0.1015625 0.121875
2 0.6109375 0.60390625 0.046875 0.0484375
2 0.24609375 0.93046875 0.1171875 0.05625
2 0.15546875 0.91953125 0.0515625 0.0328125
2 0.5125 0.75625 0.084375 0.096875
2 0.828125 0.65078125 0.0546875 0.0703125
2 0.43203125 0.36796875 0.0578125 0.140625
2 0.38671875 0.3015625 0.075 0.090625
2 0.4796875 0.57421875 0.075 0.06875
2 0.5796875 0.6828125 0.040625 0.06875
2 0.69921875 0.65 0.0375 0.08125
2 0.7296875 0.60234375 0.053125 0.0703125
2 0.8671875 0.77890625 0.0265625 0.034375
2 0.24375 0.521875 0.05625 0.15625
2 0.24609375 0.41875 0.0671875 0.071875