0 0.9171875 0.41484375 0.16171875 0.2921875
0 0.76953125 0.36796875 0.19375 0.1640625
0 0.74765625 0.56796875 0.15234375 0.28359375
0 0.11484375 0.62578125 0.15859375 0.2859375
0 0.415625 0.5625 0.12578125 0.18203125
0 0.2546875 0.60703125 0.1578125 0.21484375
0 0.5484375 0.5515625 0.1453125 0.23984375
0 0.61171875 0.24609375 0.125 0.278125
0 0.53203125 0.3890625 0.1015625 0.12734375
0 0.6328125 0.51796875 0.1203125 0.26640625
0 0.921875 0.9 0.09296875 0.1375
0 0.8859375 0.82734375 0.2171875 0.14375
0 0.8890625 0.640625 0.15859375 0.2234375
0 0.9515625 0.26328125 0.096875 0.0828125