0 0.640625 0.28046875 0.25625 0.19375
0 0.1734375 0.26171875 0.265625 0.16875
0 0.56640625 0.63125 0.159375 0.053125
0 0.528125 0.715625 0.06875 0.134375
0 0.02578125 0.6359375 0.05 0.053125
0 0.44609375 0.4421875 0.053125 0.0515625
1 0.040625 0.3453125 0.08125 0.115625
0 0.26640625 0.709375 0.078125 0.0703125
0 0.22734375 0.73515625 0.025 0.1140625
0 0.26796875 0.7734375 0.065625 0.0359375
0 0.73359375 0.71015625 0.109375 0.1015625
0 0.85625 0.70703125 0.090625 0.184375
0 0.92421875 0.671875 0.0890625 0.2625