3 0.07890625 0.54765625 0.109375 0.296875
0 0.43828125 0.56796875 0.125 0.0953125
0 0.50546875 0.56484375 0.059375 0.071875
1 0.696875 0.57109375 0.075 0.0640625
0 0.7859375 0.565625 0.03125 0.040625
0 0.83203125 0.5640625 0.053125 0.04375
1 0.23203125 0.56796875 0.11875 0.0984375
1 0.63125 0.58125 0.03125 0.040625
0 0.32109375 0.54375 0.05625 0.0546875
1 0.29375 0.56875 0.040625 0.05
1 0.26640625 0.54140625 0.040625 0.05
1 0.63515625 0.5515625 0.046875 0.040625
1 0.14296875 0.3078125 0.075 0.1328125
1 0.1125 0.38828125 0.059375 0.0484375
1 0.09453125 0.3171875 0.0640625 0.1203125
1 0.8875 0.38671875 0.059375 0.08125