2 0.4859375 0.5703125 0.04375 0.053125
2 0.4359375 0.33046875 0.03125 0.06875
2 0.62578125 0.5375 0.028125 0.040625
2 0.421875 0.49921875 0.05 0.06875
2 0.625 0.4875 0.0375 0.05625
2 0.66953125 0.425 0.0515625 0.075
2 0.284375 0.54921875 0.0234375 0.0375
2 0.5796875 0.48984375 0.0375 0.075
2 0.50859375 0.4875 0.028125 0.075
2 0.325 0.55390625 0.0375 0.034375
2 0.034375 0.57734375 0.05 0.053125
2 0.54765625 0.390625 0.053125 0.0640625
2 0.5484375 0.46640625 0.034375 0.0875
2 0.790625 0.41015625 0.04375 0.06875
2 0.06796875 0.39765625 0.065625 0.040625
2 0.37734375 0.38828125 0.0328125 0.0734375
2 0.7578125 0.48828125 0.0296875 0.065625
2 0.7234375 0.3015625 0.05 0.065625
2 0.6625 0.31015625 0.05625 0.0546875
2 0.3796875 0.52578125 0.05 0.05625
2 0.24296875 0.54609375 0.059375 0.046875
2 0.85625 0.3578125 0.028125 0.04375
2 0.14765625 0.40546875 0.021875 0.146875
2 0.31484375 0.5828125 0.0265625 0.028125
2 0.78671875 0.47734375 0.034375 0.0546875
2 0.2234375 0.57109375 0.046875 0.025
2 0.32734375 0.5109375 0.028125 0.053125
2 0.78046875 0.30859375 0.034375 0.046875
2 0.39765625 0.58359375 0.0359375 0.053125
2 0.7 0.496875 0.0234375 0.059375
2 0.42109375 0.54296875 0.040625 0.0453125
2 0.0875 0.465625 0.0484375 0.046875
2 0.2640625 0.4171875 0.0484375 0.053125
2 0.14453125 0.603125 0.0265625 0.03125
2 0.40859375 0.33203125 0.053125 0.0703125
2 0.6796875 0.5 0.025 0.05
2 0.68828125 0.3640625 0.0375 0.05
2 0.51171875 0.54453125 0.03125 0.0375
2 0.45625 0.46796875 0.0390625 0.065625
2 0.8125 0.4390625 0.03125 0.0375
2 0.28203125 0.51484375 0.0546875 0.0375
2 0.51640625 0.60703125 0.046875 0.0640625
2 0.09609375 0.61171875 0.05 0.040625
2 0.53046875 0.52890625 0.025 0.0421875
2 0.76875 0.271875 0.034375 0.05625
2 0.7109375 0.421875 0.0375 0.05
2 0.47109375 0.40234375 0.0453125 0.0640625
2 0.3171875 0.440625 0.0421875 0.0421875
2 0.771875 0.353125 0.040625 0.034375
2 0.87421875 0.296875 0.04375 0.0546875
2 0.225 0.3671875 0.04375 0.065625
2 0.12421875 0.578125 0.0375 0.025
2 0.6609375 0.58359375 0.0296875 0.0359375
2 0.6890625 0.584375 0.028125 0.025
2 0.384375 0.44375 0.046875 0.0484375
2 0.16328125 0.5625 0.040625 0.01875
2 0.271875 0.3671875 0.046875 0.05625
2 0.6296875 0.58203125 0.025 0.028125
2 0.82890625 0.42734375 0.01875 0.0359375
2 0.159375 0.46015625 0.0578125 0.04375
2 0.21171875 0.50859375 0.025 0.05625
2 0.28203125 0.45234375 0.0390625 0.059375
2 0.5921875 0.55078125 0.040625 0.04375
2 0.86015625 0.39296875 0.01875 0.025
2 0.47265625 0.503125 0.040625 0.05625
2 0.0734375 0.53203125 0.0375 0.0375
2 0.50625 0.2859375 0.040625 0.046875
2 0.8203125 0.384375 0.0375 0.059375
2 0.025 0.509375 0.028125 0.0453125
2 0.8296875 0.28359375 0.028125 0.0578125
2 0.11484375 0.25 0.071875 0.040625
2 0.11796875 0.42109375 0.04375 0.059375
2 0.0203125 0.45625 0.0359375 0.0484375
2 0.1984375 0.58203125 0.0453125 0.021875
2 0.221875 0.290625 0.053125 0.0890625
2 0.053125 0.44921875 0.034375 0.05
2 0.71484375 0.496875 0.015625 0.05
2 0.14296875 0.5421875 0.05625 0.0296875
2 0.5453125 0.3125 0.05625 0.0375
2 0.2078125 0.4359375 0.028125 0.059375
2 0.1171875 0.51015625 0.053125 0.034375
2 0.696875 0.5421875 0.0375 0.034375
2 0.31484375 0.39375 0.04375 0.04375
2 0.04375 0.2859375 0.05 0.06875
2 0.9 0.31953125 0.040625 0.053125
2 0.16953125 0.2609375 0.0375 0.06875
2 0.11640625 0.34375 0.021875 0.071875
2 0.01171875 0.37109375 0.0234375 0.065625
2 0.465625 0.278125 0.0609375 0.05625
2 0.30234375 0.35859375 0.028125 0.046875
2 0.1734375 0.49453125 0.025 0.03125
2 0.94921875 0.3078125 0.0125 0.0203125
2 0.6 0.2796875 0.05625 0.0484375
2 0.23125 0.6046875 0.021875 0.0265625
2 0.13125 0.3671875 0.0375 0.034375
2 0.19296875 0.35546875 0.053125 0.06875
2 0.1859375 0.47265625 0.025 0.028125
2 0.7640625 0.3265625 0.040625 0.0296875
2 0.03203125 0.23046875 0.0625 0.1109375
2 0.16015625 0.521875 0.03125 0.0296875
2 0.078125 0.3375 0.03125 0.08125
2 0.94765625 0.3625 0.01875 0.01875
2 0.8296875 0.23671875 0.0515625 0.040625
2 0.7375 0.528125 0.0390625 0.0328125
2 0.11796875 0.6140625 0.028125 0.04375
2 0.12734375 0.2953125 0.015625 0.059375
2 0.284375 0.2015625 0.0921875 0.025
2 0.7515625 0.2953125 0.03125 0.028125
2 0.33984375 0.20390625 0.046875 0.01875
2 0.340625 0.33515625 0.0453125 0.065625
2 0.66484375 0.209375 0.0625 0.053125
2 0.609375 0.20078125 0.0359375 0.046875
2 0.634375 0.3828125 0.059375 0.06875
2 0.05234375 0.4921875 0.046875 0.078125
2 0.5765625 0.5703125 0.0671875 0.0578125
2 0.809375 0.29765625 0.0484375 0.096875
2 0.58515625 0.33359375 0.034375 0.0828125
2 0.58515625 0.40703125 0.0390625 0.059375
2 0.51015625 0.41640625 0.0328125 0.0625
2 0.5046875 0.34296875 0.0375 0.046875
2 0.35390625 0.5796875 0.040625 0.040625
2 0.28984375 0.30859375 0.05 0.065625