1 0.1859375 0.971875 0.0875 0.05625
2 0.415625 0.44140625 0.115625 0.353125
2 0.61171875 0.390625 0.0765625 0.053125
2 0.63125 0.1578125 0.053125 0.246875
2 0.66328125 0.2046875 0.028125 0.1625
2 0.7625 0.771875 0.1296875 0.2046875
2 0.58984375 0.54765625 0.06875 0.1203125
2 0.7546875 0.97265625 0.096875 0.0546875
2 0.5765625 0.21171875 0.0859375 0.19375
2 0.8203125 0.75546875 0.075 0.2578125
2 0.7765625 0.4703125 0.034375 0.2125
2 0.30625 0.1234375 0.0796875 0.246875
2 0.51328125 0.86015625 0.059375 0.2796875
2 0.39296875 0.78125 0.04375 0.1203125
2 0.57421875 0.70703125 0.040625 0.09375
2 0.4875 0.38828125 0.08125 0.11875
1 0.35546875 0.6421875 0.015625 0.015625
1 0.146875 0.88828125 0.08125 0.046875
1 0.43515625 0.978125 0.040625 0.040625
1 0.25859375 0.97265625 0.0234375 0.028125
2 0.85 0.984375 0.209375 0.0171875
1 0.04453125 0.2046875 0.0390625 0.028125
1 0.1875 0.74140625 0.065625 0.0703125
1 0.5703125 0.92421875 0.046875 0.05625
1 0.22734375 0.54296875 0.0390625 0.05625
1 0.1015625 0.6546875 0.0125 0.0171875
1 0.478125 0.94296875 0.028125 0.0375
1 0.25703125 0.91015625 0.025 0.025
2 0.209375 0.48515625 0.215625 0.15625
1 0.32578125 0.58046875 0.0328125 0.021875
1 0.428125 0.8234375 0.0296875 0.0328125
1 0.32578125 0.0765625 0.0234375 0.03125
1 0.2671875 0.74375 0.0265625 0.034375
1 0.290625 0.6546875 0.0328125 0.021875
1 0.346875 0.8671875 0.03125 0.04375
1 0.42734375 0.903125 0.03125 0.03125
1 0.2171875 0.95859375 0.0203125 0.015625
2 0.53125 0.5359375 0.084375 0.10625
1 0.4171875 0.8484375 0.028125 0.021875
2 0.08046875 0.77734375 0.103125 0.040625
1 0.0359375 0.66015625 0.0296875 0.015625
1 0.30390625 0.73046875 0.01875 0.009375
1 0.2375 0.625 0.0875 0.06875
2 0.84453125 0.4890625 0.0828125 0.0375
2 0.6546875 0.6296875 0.121875 0.24375
2 0.678125 0.4875 0.1640625 0.184375
2 0.66875 0.3234375 0.103125 0.128125
2 0.6421875 0.82578125 0.090625 0.13125