2 0.52421875 0.47421875 0.26875 0.0875
2 0.53046875 0.35625 0.053125 0.084375
2 0.59375 0.10859375 0.359375 0.046875
2 0.6671875 0.06875 0.209375 0.1078125
2 0.55703125 0.07890625 0.3078125 0.115625
2 0.528125 0.14765625 0.309375 0.0375
2 0.4390625 0.1875 0.196875 0.0765625
2 0.42578125 0.359375 0.125 0.134375
2 0.3796875 0.3078125 0.103125 0.1265625
2 0.2421875 0.33203125 0.075 0.19375
2 0.184375 0.40625 0.071875 0.146875
2 0.39296875 0.553125 0.1 0.175
2 0.33515625 0.76484375 0.15 0.1484375
2 0.42890625 0.81953125 0.159375 0.1640625
2 0.50546875 0.8109375 0.1203125 0.1265625
2 0.5203125 0.71484375 0.2 0.103125
2 0.56171875 0.84296875 0.14375 0.140625
2 0.55234375 0.90625 0.065625 0.140625
2 0.40390625 0.93359375 0.028125 0.121875
2 0.25703125 0.596875 0.20625 0.096875
2 0.346875 0.41953125 0.015625 0.08125
2 0.3125 0.5265625 0.046875 0.0953125
2 0.3109375 0.434375 0.053125 0.084375
2 0.2515625 0.46015625 0.075 0.096875
2 0.23984375 0.53125 0.065625 0.090625
2 0.684375 0.18515625 0.1421875 0.0875
2 0.6625 0.37734375 0.0875 0.06875
2 0.5921875 0.29375 0.103125 0.1375
2 0.4953125 0.29765625 0.08125 0.0796875
2 0.48046875 0.25 0.065625 0.06875
2 0.5765625 0.58359375 0.0375 0.11875
2 0.471875 0.56328125 0.090625 0.109375