0 0.453125 0.33671875 0.10625 0.1046875
0 0.36328125 0.190625 0.246875 0.18125
0 0.525 0.25703125 0.203125 0.171875
0 0.91796875 0.87421875 0.1609375 0.125
0 0.296875 0.07421875 0.390625 0.1375
0 0.83515625 0.0640625 0.3296875 0.128125
0 0.84765625 0.2296875 0.1 0.1296875
0 0.75390625 0.30703125 0.2171875 0.1125
0 0.62265625 0.36875 0.1015625 0.2046875
0 0.32578125 0.38984375 0.346875 0.178125
0 0.14921875 0.19140625 0.2984375 0.2609375
0 0.04453125 0.4203125 0.0890625 0.1109375
0 0.571875 0.11328125 0.1640625 0.21875
0 0.10234375 0.39453125 0.1515625 0.0890625
0 0.428125 0.5890625 0.196875 0.128125
0 0.30234375 0.53203125 0.1078125 0.075
0 0.6859375 0.6015625 0.2640625 0.115625
0 0.7234375 0.64296875 0.18125 0.065625
0 0.6984375 0.69375 0.09375 0.06875
0 0.88828125 0.70546875 0.121875 0.115625
0 0.76484375 0.5375 0.23125 0.140625
0 0.975 0.7328125 0.05 0.1203125
0 0.76015625 0.21484375 0.11875 0.053125
0 0.6921875 0.234375 0.103125 0.05