2 0.62578125 0.14296875 0.084375 0.1875
2 0.534375 0.190625 0.1 0.1796875
2 0.646875 0.359375 0.0890625 0.303125
2 0.5828125 0.165625 0.08125 0.1453125
2 0.42421875 0.81484375 0.09375 0.2234375
2 0.69140625 0.3484375 0.05 0.16875
2 0.7 0.54921875 0.08125 0.221875
2 0.49921875 0.91171875 0.05625 0.175
2 0.56640625 0.8109375 0.0328125 0.1125
2 0.503125 0.59296875 0.0453125 0.1578125
2 0.63671875 0.23984375 0.090625 0.1546875
2 0.53984375 0.35859375 0.08125 0.1375
2 0.6546875 0.1625 0.0515625 0.14375
2 0.60859375 0.046875 0.0328125 0.0578125
2 0.70703125 0.4625 0.021875 0.140625
2 0.37890625 0.709375 0.08125 0.1484375
2 0.58984375 0.81484375 0.021875 0.0984375
2 0.61796875 0.30078125 0.0359375 0.1671875
2 0.6234375 0.04609375 0.0203125 0.05625
2 0.47265625 0.8453125 0.040625 0.1125
2 0.43515625 0.4484375 0.059375 0.096875
2 0.3828125 0.865625 0.109375 0.26875
2 0.51953125 0.83828125 0.059375 0.1265625
2 0.5140625 0.63359375 0.10625 0.1125
2 0.4109375 0.4015625 0.053125 0.0453125
2 0.4046875 0.61015625 0.0828125 0.115625
2 0.48515625 0.4859375 0.0453125 0.05
2 0.47578125 0.40234375 0.05 0.05625
2 0.4515625 0.51171875 0.034375 0.05
2 0.659375 0.81953125 0.01875 0.06875
2 0.38125 0.43671875 0.05625 0.065625
2 0.5125 0.7859375 0.021875 0.08125
2 0.44140625 0.7484375 0.0375 0.084375
2 0.63984375 0.76953125 0.0671875 0.075
2 0.45 0.53984375 0.0984375 0.084375
2 0.6265625 0.09296875 0.034375 0.059375
2 0.50234375 0.51640625 0.021875 0.01875
2 0.5328125 0.50546875 0.01875 0.01875
2 0.55390625 0.57421875 0.01875 0.0140625
2 0.45703125 0.25703125 0.0375 0.078125
2 0.36328125 0.51640625 0.059375 0.06875
2 0.35390625 0.47734375 0.046875 0.0625
2 0.33046875 0.78125 0.075 0.103125
2 0.73125 0.76953125 0.03125 0.15
2 0.390625 0.50234375 0.028125 0.0671875
2 0.28203125 0.51875 0.159375 0.2671875
2 0.3328125 0.575 0.0640625 0.05
2 0.4625 0.46640625 0.03125 0.05
2 0.46796875 0.76015625 0.0421875 0.0734375
2 0.68125 0.28828125 0.046875 0.0546875
2 0.45703125 0.32109375 0.078125 0.090625
2 0.6140625 0.559375 0.0609375 0.140625
2 0.65703125 0.65625 0.090625 0.10625
2 0.553125 0.7046875 0.246875 0.0546875
2 0.56015625 0.48984375 0.065625 0.1125
2 0.740625 0.4390625 0.10625 0.153125
2 0.3390625 0.715625 0.125 0.221875
2 0.7875 0.57578125 0.0875 0.109375
2 0.0984375 0.278125 0.196875 0.246875