2 0.37421875 0.53359375 0.028125 0.040625
2 0.76328125 0.22578125 0.2125 0.29375
2 0.4609375 0.453125 0.1359375 0.1546875
2 0.54765625 0.5875 0.096875 0.0640625
2 0.5640625 0.3625 0.2171875 0.378125
2 0.32265625 0.58828125 0.0234375 0.0375
2 0.75625 0.39921875 0.096875 0.09375
2 0.85859375 0.38125 0.109375 0.0484375
2 0.8703125 0.46171875 0.10625 0.078125
2 0.40390625 0.65078125 0.075 0.071875
2 0.87578125 0.3234375 0.1125 0.04375
2 0.6609375 0.41796875 0.01875 0.03125
2 0.82734375 0.30859375 0.053125 0.034375
2 0.25625 0.51953125 0.109375 0.0640625
2 0.74453125 0.45390625 0.190625 0.2203125
2 0.4734375 0.58984375 0.1171875 0.146875
2 0.57109375 0.6359375 0.0703125 0.10625
2 0.50546875 0.690625 0.059375 0.0984375
2 0.45 0.6734375 0.0453125 0.078125
2 0.3953125 0.59453125 0.053125 0.14375
2 0.35859375 0.62578125 0.065625 0.09375
2 0.35 0.57421875 0.065625 0.090625
2 0.36640625 0.515625 0.075 0.10625
2 0.67421875 0.60703125 0.1046875 0.146875