0 0.44140625 0.60078125 0.1921875 0.23203125
0 0.60546875 0.7984375 0.125 0.0546875
0 0.42265625 0.47734375 0.13203125 0.06875
0 0.76171875 0.3015625 0.14765625 0.16328125
0 0.15390625 0.740625 0.2890625 0.19375
0 0.6078125 0.675 0.18125 0.17578125
0 0.034375 0.5859375 0.06875 0.1375
0 0.1046875 0.6109375 0.1984375 0.09609375
0 0.26171875 0.565625 0.1515625 0.1859375
0 0.79765625 0.39609375 0.1265625 0.1171875
0 0.59375 0.50234375 0.08671875 0.12578125
0 0.25078125 0.31796875 0.49375 0.30234375
0 0.56171875 0.29296875 0.14140625 0.15234375
0 0.640625 0.32578125 0.1453125 0.30078125
0 0.75078125 0.76640625 0.43515625 0.29296875
0 0.43671875 0.75234375 0.26015625 0.21796875
0 0.74453125 0.54140625 0.25390625 0.1640625