1 0.553125 0.29296875 0.1375 0.2828125
1 0.19453125 0.375 0.2015625 0.2046875
1 0.553125 0.29296875 0.1375 0.2828125
1 0.19453125 0.375 0.2015625 0.2046875
1 0.55703125 0.6484375 0.25 0.378125
1 0.67421875 0.42578125 0.090625 0.2796875
1 0.3515625 0.38359375 0.1265625 0.24375
1 0.30078125 0.1375 0.2875 0.2734375
1 0.3015625 0.61953125 0.290625 0.271875
1 0.24765625 0.51171875 0.10625 0.1140625
1 0.3734375 0.53671875 0.11875 0.10625
1 0.4328125 0.39375 0.096875 0.1375
1 0.4203125 0.30703125 0.09375 0.0890625
1 0.44921875 0.275 0.103125 0.1203125
1 0.47265625 0.15546875 0.103125 0.1359375