0 0.23671875 0.1171875 0.18125 0.2109375
0 0.57109375 0.32578125 0.1875 0.284375
0 0.26484375 0.5140625 0.096875 0.346875
0 0.303125 0.24296875 0.08125 0.19375
0 0.0734375 0.934375 0.146875 0.13125
0 0.2234375 0.3515625 0.090625 0.240625
0 0.1546875 0.61015625 0.078125 0.2421875
0 0.5609375 0.66640625 0.128125 0.384375
0 0.34609375 0.51640625 0.065625 0.259375
0 0.3984375 0.3875 0.05 0.14375
0 0.72109375 0.50703125 0.19375 0.321875
0 0.53046875 0.828125 0.0484375 0.04375
0 0.38515625 0.25703125 0.071875 0.128125
0 0.45390625 0.30625 0.053125 0.0953125
0 0.24453125 0.865625 0.140625 0.109375
0 0.41796875 0.5203125 0.065625 0.175
0 0.74453125 0.75078125 0.046875 0.0703125
0 0.778125 0.7265625 0.0578125 0.109375
0 0.23984375 0.77578125 0.109375 0.146875
0 0.36875 0.6203125 0.03125 0.109375
0 0.50234375 0.64140625 0.0375 0.0609375
0 0.1984375 0.33125 0.021875 0.071875
0 0.49140625 0.7796875 0.0609375 0.11875
0 0.73671875 0.6859375 0.04375 0.059375
0 0.42578125 0.64921875 0.05 0.078125
0 0.08359375 0.50078125 0.04375 0.0515625
0 0.84375 0.72265625 0.1015625 0.15
0 0.67890625 0.23125 0.13125 0.28125
0 0.27421875 0.94296875 0.1875 0.109375
0 0.1625 0.94453125 0.25 0.1109375
0 0.396875 0.9375 0.2375 0.11875
0 0.378125 0.8359375 0.19375 0.153125