0 0.08125 0.084375 0.121875 0.1625
0 0.3140625 0.20234375 0.0984375 0.084375
0 0.1265625 0.36328125 0.253125 0.3890625
0 0.278125 0.08984375 0.28125 0.175
0 0.859375 0.9484375 0.19375 0.103125
0 0.090625 0.60390625 0.18125 0.3421875
0 0.165625 0.69921875 0.103125 0.225
0 0.2375 0.67421875 0.0625 0.221875
0 0.28515625 0.6453125 0.046875 0.1734375
0 0.03359375 0.89296875 0.0328125 0.2140625
0 0.67265625 0.9546875 0.1125 0.090625
0 0.48984375 0.59140625 0.296875 0.346875
0 0.66171875 0.75703125 0.1703125 0.1640625
0 0.72421875 0.8359375 0.18125 0.11875
0 0.77890625 0.87265625 0.0875 0.13125
0 0.49375 0.903125 0.2546875 0.096875
0 0.3734375 0.9484375 0.23125 0.103125
0 0.53984375 0.96875 0.103125 0.0625
0 0.2140625 0.8234375 0.2 0.2046875
0 0.3453125 0.79140625 0.1921875 0.2953125
0 0.4625 0.43125 0.1 0.3
0 0.175 0.27421875 0.1484375 0.20625
0 0.4703125 0.26796875 0.1078125 0.140625
0 0.35703125 0.19375 0.1359375 0.1515625
0 0.03984375 0.415625 0.078125 0.14375
0 0.78515625 0.6328125 0.1421875 0.14375
0 0.80546875 0.74921875 0.1203125 0.1234375
0 0.6828125 0.521875 0.05625 0.109375