3 0.92109375 0.45234375 0.109375 0.29765625
0 0.56171875 0.43203125 0.125 0.0953125
0 0.49453125 0.43515625 0.059375 0.07265625
1 0.303125 0.42890625 0.07578125 0.0640625
0 0.2140625 0.434375 0.03125 0.04140625
0 0.16796875 0.4359375 0.05234375 0.04296875
1 0.76796875 0.43203125 0.11953125 0.0984375
1 0.36875 0.41875 0.03125 0.03984375
0 0.67890625 0.45625 0.05546875 0.0546875
1 0.70625 0.43125 0.04140625 0.05078125
1 0.73359375 0.45859375 0.03984375 0.04921875
1 0.36484375 0.4484375 0.04765625 0.03984375
1 0.85703125 0.6921875 0.07421875 0.1328125
1 0.8875 0.61171875 0.05859375 0.0484375
1 0.90546875 0.6828125 0.0640625 0.1203125
1 0.1125 0.61328125 0.05859375 0.08125