2 0.88203125 0.84609375 0.01875 0.0421875
2 0.6890625 0.66171875 0.01875 0.040625
2 0.3796875 0.7609375 0.0375 0.0296875
2 0.7859375 0.7703125 0.0375 0.046875
2 0.76953125 0.75703125 0.034375 0.0390625
2 0.7671875 0.72109375 0.03125 0.0625
2 0.62265625 0.7203125 0.025 0.0546875
2 0.56875 0.71875 0.0328125 0.0671875
2 0.7859375 0.85703125 0.04375 0.0609375
2 0.84453125 0.7453125 0.025 0.046875
2 0.79609375 0.653125 0.021875 0.015625
2 0.87265625 0.79296875 0.034375 0.03125
2 0.84765625 0.8203125 0.0265625 0.05
2 0.8375 0.8625 0.034375 0.040625
2 0.8953125 0.78515625 0.0265625 0.0328125
2 0.68203125 0.765625 0.046875 0.0515625
2 0.66015625 0.67734375 0.01875 0.040625
2 0.3734375 0.67421875 0.053125 0.040625
2 0.43515625 0.66796875 0.040625 0.046875
2 0.459375 0.7828125 0.028125 0.0578125
2 0.4484375 0.84453125 0.0234375 0.0484375
2 0.50390625 0.825 0.021875 0.046875
2 0.484375 0.83125 0.0375 0.053125
2 0.55859375 0.8078125 0.040625 0.0234375
2 0.6125 0.75078125 0.05 0.0515625
2 0.728125 0.7078125 0.0375 0.0515625
2 0.77421875 0.65546875 0.0328125 0.028125
2 0.81484375 0.809375 0.0390625 0.04375
2 0.73515625 0.8125 0.040625 0.053125
2 0.82265625 0.7265625 0.028125 0.046875
2 0.59296875 0.62890625 0.04375 0.0578125
2 0.65546875 0.7140625 0.0375 0.053125
2 0.6515625 0.7921875 0.04375 0.0578125
2 0.47734375 0.6890625 0.0328125 0.0484375
2 0.5234375 0.7203125 0.0390625 0.065625
2 0.50234375 0.68671875 0.040625 0.0515625
2 0.725 0.665625 0.059375 0.059375
2 0.8015625 0.6921875 0.0375 0.0546875
2 0.77421875 0.8046875 0.0375 0.053125
2 0.7484375 0.88125 0.0234375 0.059375
2 0.53203125 0.871875 0.0421875 0.0390625
2 0.62734375 0.9140625 0.084375 0.04375
2 0.6015625 0.83984375 0.046875 0.078125
2 0.534375 0.778125 0.046875 0.028125
2 0.4265625 0.753125 0.0421875 0.028125
2 0.2765625 0.63125 0.05625 0.040625
2 0.3203125 0.6328125 0.0265625 0.0265625
2 0.30703125 0.6796875 0.05 0.046875
2 0.2359375 0.6546875 0.046875 0.0375
2 0.1671875 0.7078125 0.0375 0.059375
2 0.115625 0.88515625 0.06875 0.0828125
2 0.2015625 0.8765625 0.0515625 0.0515625
2 0.2515625 0.853125 0.040625 0.046875
2 0.32734375 0.83359375 0.059375 0.053125
2 0.365625 0.8078125 0.0390625 0.0703125
2 0.3875 0.80078125 0.0453125 0.059375
2 0.3125 0.7625 0.0453125 0.0625
2 0.34921875 0.7234375 0.040625 0.071875
2 0.4203125 0.7171875 0.0484375 0.0546875
2 0.21484375 0.7546875 0.034375 0.0609375
2 0.1859375 0.759375 0.0609375 0.0484375
2 0.12734375 0.73046875 0.0453125 0.04375
2 0.078125 0.784375 0.0171875 0.06875
2 0.103125 0.7828125 0.0453125 0.046875
2 0.05234375 0.82734375 0.040625 0.0375
2 0.11796875 0.828125 0.05 0.040625
2 0.1796875 0.83984375 0.059375 0.053125
2 0.2453125 0.76875 0.0578125 0.040625
2 0.2703125 0.7296875 0.0515625 0.0328125
2 0.378125 0.64375 0.0375 0.0296875
2 0.49453125 0.64296875 0.0421875 0.04375
2 0.44765625 0.6484375 0.040625 0.0328125
2 0.62890625 0.67109375 0.0671875 0.0421875
2 0.67265625 0.8453125 0.0515625 0.0578125
2 0.54140625 0.840625 0.059375 0.0515625
2 0.5609375 0.7765625 0.046875 0.0515625
2 0.4734375 0.7625 0.05625 0.084375
2 0.5515625 0.6578125 0.053125 0.05625
2 0.41015625 0.6546875 0.0375 0.0625
2 0.23515625 0.8140625 0.046875 0.059375
2 0.31484375 0.8109375 0.05 0.0734375
2 0.29921875 0.77734375 0.021875 0.1125
2 0.27421875 0.81953125 0.034375 0.090625
2 0.7171875 0.85859375 0.0546875 0.059375
2 0.7109375 0.7484375 0.046875 0.0921875