2 0.44609375 0.5859375 0.1046875 0.078125
2 0.85 0.35390625 0.0703125 0.0671875
2 0.5953125 0.6640625 0.0734375 0.046875
2 0.328125 0.5984375 0.0796875 0.0515625
2 0.759375 0.43671875 0.0453125 0.05
2 0.5109375 0.74765625 0.13125 0.0796875
2 0.89921875 0.82734375 0.196875 0.109375
2 0.12421875 0.4 0.0578125 0.03125
2 0.23125 0.70234375 0.05 0.0140625
2 0.9046875 0.5671875 0.11875 0.06875
2 0.365625 0.8390625 0.128125 0.1125
2 0.7328125 0.68046875 0.06875 0.021875
2 0.17109375 0.746875 0.0578125 0.034375
2 0.25703125 0.60234375 0.13125 0.1609375
2 0.47578125 0.8171875 0.1 0.05625
2 0.47890625 0.86953125 0.1171875 0.0359375
2 0.6609375 0.80078125 0.1578125 0.059375
2 0.19765625 0.8375 0.184375 0.071875
2 0.9296875 0.4875 0.05 0.0828125
2 0.8140625 0.10625 0.075 0.0421875
2 0.87578125 0.2484375 0.1 0.071875
2 0.615625 0.5734375 0.10625 0.15625
2 0.20078125 0.1390625 0.10625 0.06875
2 0.58828125 0.86640625 0.140625 0.03125
2 0.09140625 0.6109375 0.153125 0.1203125
2 0.78125 0.85625 0.209375 0.05
2 0.36796875 0.33515625 0.071875 0.11875
2 0.26015625 0.89921875 0.0734375 0.0875
2 0.59296875 0.1296875 0.053125 0.015625
2 0.06953125 0.37890625 0.1265625 0.18125
2 0.87890625 0.16953125 0.090625 0.0734375
2 0.91328125 0.10546875 0.0625 0.04375
2 0.14609375 0.3203125 0.0671875 0.01875
2 0.7921875 0.23046875 0.04375 0.0953125
1 0.9703125 0.290625 0.04375 0.0421875
2 0.49609375 0.5296875 0.0625 0.13125
2 0.7484375 0.12265625 0.178125 0.0765625
2 0.9734375 0.24609375 0.053125 0.034375
2 0.50546875 0.89296875 0.13125 0.0171875
2 0.03359375 0.68203125 0.0625 0.040625
2 0.78125 0.50859375 0.034375 0.08125
2 0.14375 0.2703125 0.009375 0.0578125
2 0.92890625 0.26484375 0.05625 0.09375
2 0.41640625 0.26328125 0.0390625 0.034375
2 0.1203125 0.5203125 0.01875 0.06875
2 0.05234375 0.8609375 0.1046875 0.125
2 0.95 0.740625 0.065625 0.034375
2 0.240625 0.66953125 0.071875 0.0703125
2 0.7515625 0.70390625 0.134375 0.11875
2 0.6078125 0.70703125 0.140625 0.1421875
2 0.64375 0.4484375 0.134375 0.184375
2 0.3203125 0.71875 0.1265625 0.09375