2 0.38046875 0.76484375 0.10078125 0.02734375
2 0.51796875 0.7203125 0.140625 0.06171875
2 0.36640625 0.7171875 0.08671875 0.03515625
2 0.39140625 0.625 0.09609375 0.03125
2 0.53671875 0.67421875 0.1296875 0.0484375
2 0.61484375 0.69296875 0.0734375 0.09140625
2 0.66640625 0.6984375 0.0171875 0.2265625
2 0.4984375 0.59296875 0.11640625 0.04453125
2 0.75078125 0.6578125 0.11328125 0.08046875
2 0.603125 0.7984375 0.10234375 0.0453125
2 0.49375 0.62109375 0.175 0.0421875
2 0.79609375 0.72734375 0.10546875 0.07890625
2 0.41015625 0.7390625 0.075 0.1703125
2 0.6 0.60390625 0.12578125 0.0765625
2 0.56171875 0.61953125 0.028125 0.10390625
2 0.69453125 0.7046875 0.0578125 0.0296875
2 0.6984375 0.59609375 0.04296875 0.05
2 0.73359375 0.69375 0.015625 0.03515625
2 0.846875 0.6953125 0.09921875 0.021875
2 0.6828125 0.7671875 0.0578125 0.084375
2 0.72109375 0.76328125 0.0578125 0.0796875
2 0.63125 0.7546875 0.0625 0.053125
2 0.4671875 0.79140625 0.0640625 0.0625
2 0.6046875 0.71796875 0.0953125 0.1609375
2 0.52890625 0.78828125 0.05390625 0.03125
2 0.43984375 0.590625 0.06015625 0.05390625