0 0.865625 0.43671875 0.1875 0.365625
0 0.14140625 0.6359375 0.2703125 0.1703125
0 0.53984375 0.7671875 0.2984375 0.209375
0 0.52890625 0.69453125 0.2125 0.128125
1 0.715625 0.2578125 0.04375 0.03125
1 0.278125 0.23828125 0.03125 0.0125
0 0.8546875 0.2375 0.05 0.115625
1 0.65 0.25703125 0.046875 0.025
1 0.18125 0.2375 0.021875 0.015625
0 0.43125 0.45234375 0.146875 0.075
1 0.1453125 0.23671875 0.0453125 0.0203125
1 0.24765625 0.2375 0.021875 0.015625
1 0.6953125 0.25546875 0.0375 0.028125
0 0.41015625 0.5453125 0.203125 0.15625
0 0.1796875 0.59609375 0.34375 0.2328125
0 0.80546875 0.378125 0.071875 0.421875