0 0.13984375 0.38125 0.06171875 0.19140625
1 0.3046875 0.253125 0.1765625 0.1703125
0 0.38046875 0.5546875 0.071875 0.1734375
1 0.7796875 0.30078125 0.18203125 0.18515625
0 0.48125 0.57734375 0.065625 0.2390625
1 0.540625 0.71171875 0.05390625 0.04453125
0 0.2546875 0.42109375 0.11484375 0.29140625
0 0.04453125 0.11640625 0.07734375 0.053125
0 0.103125 0.1125 0.09140625 0.03984375
0 0.43203125 0.603125 0.059375 0.14140625
1 0.8578125 0.5296875 0.059375 0.24140625
1 0.896875 0.6421875 0.0359375 0.06875
1 0.89453125 0.33671875 0.03984375 0.05390625
1 0.66953125 0.30390625 0.07890625 0.1203125
1 0.49140625 0.3390625 0.040625 0.0203125