0 0.3546875 0.46953125 0.35625 0.409375
0 0.67890625 0.63359375 0.2140625 0.2
0 0.71875 0.36875 0.13125 0.0609375
0 0.6875 0.3265625 0.103125 0.0484375
0 0.61328125 0.33984375 0.053125 0.134375
0 0.45390625 0.67578125 0.16875 0.15625
0 0.60078125 0.73046875 0.146875 0.159375
0 0.55078125 0.53046875 0.1296875 0.128125
0 0.615625 0.51171875 0.13125 0.1109375
0 0.56015625 0.39765625 0.1625 0.128125
0 0.6625 0.44375 0.0984375 0.084375
0 0.553125 0.3125 0.08125 0.0515625
0 0.165625 0.446875 0.078125 0.10625
0 0.340625 0.2734375 0.0875 0.075