2 0.05078125 0.77890625 0.09375 0.065625
2 0.1359375 0.5109375 0.115625 0.0375
2 0.9296875 0.91015625 0.1390625 0.0875
2 0.221875 0.70625 0.1875 0.20625
2 0.26875 0.73984375 0.075 0.05
2 0.909375 0.67890625 0.0875 0.021875
2 0.59921875 0.525 0.165625 0.115625
2 0.41875 0.5859375 0.1640625 0.0796875
2 0.75234375 0.33515625 0.2765625 0.2984375
2 0.9734375 0.5234375 0.053125 0.0765625
2 0.11015625 0.85703125 0.04375 0.0671875
2 0.55 0.81640625 0.0375 0.0875
2 0.83671875 0.62265625 0.046875 0.05
2 0.70546875 0.68515625 0.103125 0.0484375
2 0.44453125 0.6609375 0.134375 0.053125
2 0.60625 0.67734375 0.1140625 0.046875
2 0.46171875 0.19453125 0.08125 0.01875
2 0.4640625 0.79453125 0.096875 0.065625
2 0.071875 0.06640625 0.0203125 0.09375
2 0.1734375 0.896875 0.065625 0.0640625
2 0.76796875 0.6328125 0.134375 0.109375
2 0.959375 0.75859375 0.0203125 0.253125
2 0.88515625 0.5765625 0.040625 0.021875
2 0.99140625 0.4875 0.0171875 0.0734375
2 0.94453125 0.228125 0.109375 0.084375
2 0.765625 0.7109375 0.0328125 0.1
2 0.46796875 0.93671875 0.0359375 0.096875
2 0.70859375 0.74921875 0.1265625 0.05625
2 0.04765625 0.4828125 0.0953125 0.090625
2 0.93046875 0.55078125 0.1265625 0.1125
2 0.9421875 0.425 0.1109375 0.1296875
2 0.2296875 0.87421875 0.059375 0.0703125
2 0.921875 0.2609375 0.0640625 0.03125
2 0.58671875 0.7265625 0.121875 0.0609375
2 0.42109375 0.89296875 0.16875 0.034375
2 0.375 0.80859375 0.0734375 0.0546875
2 0.396875 0.12265625 0.065625 0.084375
2 0.178125 0.96640625 0.040625 0.059375
2 0.32109375 0.38046875 0.1640625 0.134375
2 0.27421875 0.19765625 0.134375 0.378125
2 0.80390625 0.33125 0.034375 0.028125
2 0.83359375 0.16796875 0.03125 0.125
2 0.10703125 0.96328125 0.0640625 0.034375
2 0.05 0.3796875 0.1 0.11875
2 0.3109375 0.7984375 0.05625 0.0515625
2 0.13125 0.1 0.0125 0.053125
2 0.5984375 0.04296875 0.1 0.0859375
2 0.128125 0.0109375 0.0671875 0.021875
2 0.915625 0.6234375 0.046875 0.025
2 0.1453125 0.43359375 0.109375 0.1390625
2 0.7328125 0.51484375 0.05 0.08125
2 0.02734375 0.0671875 0.028125 0.0875
2 0.753125 0.78359375 0.059375 0.05625
2 0.34375 0.109375 0.0625 0.209375
2 0.23984375 0.4515625 0.0796875 0.146875
2 0.25625 0.659375 0.196875 0.1
2 0.259375 0.52890625 0.159375 0.10625
2 0.59609375 0.62109375 0.2125 0.178125
2 0.38046875 0.4109375 0.2125 0.24375