0 0.60703125 0.37421875 0.2078125 0.328125
0 0.103125 0.80390625 0.203125 0.378125
0 0.84140625 0.415625 0.0953125 0.103125
0 0.28515625 0.33359375 0.25625 0.2265625
0 0.13515625 0.35 0.125 0.121875
0 0.3734375 0.78203125 0.25625 0.278125
0 0.30234375 0.1421875 0.5859375 0.284375
0 0.7140625 0.4640625 0.08125 0.109375
0 0.57421875 0.65625 0.3359375 0.103125
0 0.5453125 0.7625 0.303125 0.125
0 0.76484375 0.53671875 0.1453125 0.128125
0 0.15078125 0.54140625 0.3015625 0.2328125
0 0.82890625 0.61875 0.21875 0.1515625
0 0.7890625 0.71015625 0.2 0.1109375
0 0.678125 0.7859375 0.325 0.059375
0 0.49375 0.86953125 0.04375 0.115625
0 0.62265625 0.8296875 0.1625 0.121875
0 0.32109375 0.5171875 0.1140625 0.2
0 0.7234375 0.2984375 0.19375 0.209375