2 0.53359375 0.62578125 0.040625 0.028125
2 0.22578125 0.23671875 0.29375 0.2125
2 0.453125 0.5390625 0.1546875 0.1359375
2 0.5875 0.45234375 0.0640625 0.096875
2 0.3625 0.4359375 0.378125 0.2171875
2 0.58828125 0.67734375 0.0375 0.0234375
2 0.39921875 0.24375 0.09375 0.096875
2 0.38125 0.14140625 0.0484375 0.109375
2 0.46171875 0.1296875 0.078125 0.10625
2 0.65078125 0.59609375 0.071875 0.075
2 0.3234375 0.12421875 0.04375 0.1125
2 0.41796875 0.3390625 0.03125 0.01875
2 0.30859375 0.17265625 0.034375 0.053125
2 0.51953125 0.74375 0.0640625 0.109375
2 0.45390625 0.25546875 0.2203125 0.190625
2 0.58984375 0.5265625 0.146875 0.1171875
2 0.6359375 0.42890625 0.10625 0.0703125
2 0.690625 0.49453125 0.0984375 0.059375
2 0.6734375 0.55 0.078125 0.0453125
2 0.59453125 0.6046875 0.14375 0.053125
2 0.62578125 0.64140625 0.09375 0.065625
2 0.57421875 0.65 0.090625 0.065625
2 0.515625 0.63359375 0.10625 0.075
2 0.60703125 0.32578125 0.146875 0.1046875