0 0.80625 0.56953125 0.190625 0.240625
0 0.5234375 0.23046875 0.525 0.38125
1 0.09375 0.4921875 0.184375 0.21875
0 0.8953125 0.54765625 0.209375 0.6875
0 0.2140625 0.8890625 0.134375 0.0875
0 0.89453125 0.375 0.2109375 0.35625
0 0.71484375 0.2234375 0.11875 0.2765625
0 0.42421875 0.521875 0.1234375 0.340625
0 0.19453125 0.67734375 0.2390625 0.06875
0 0.228125 0.7796875 0.128125 0.1
0 0.36484375 0.853125 0.1078125 0.246875
0 0.321875 0.61171875 0.2 0.2328125
0 0.48828125 0.7796875 0.2140625 0.21875
0 0.63359375 0.909375 0.209375 0.18125
0 0.55859375 0.75078125 0.209375 0.1375
0 0.54140625 0.5984375 0.125 0.190625