2 0.94921875 0.77890625 0.09375 0.065625
2 0.8640625 0.5109375 0.115625 0.0375
2 0.0703125 0.91015625 0.1390625 0.0875
2 0.778125 0.70625 0.1875 0.20625
2 0.73125 0.73984375 0.075 0.05
2 0.090625 0.67890625 0.0875 0.021875
2 0.40078125 0.525 0.165625 0.115625
2 0.58125 0.5859375 0.1640625 0.0796875
2 0.24765625 0.33515625 0.2765625 0.2984375
2 0.0265625 0.5234375 0.053125 0.0765625
2 0.88984375 0.85703125 0.04375 0.0671875
2 0.45 0.81640625 0.0375 0.0875
2 0.16328125 0.62265625 0.046875 0.05
2 0.29453125 0.68515625 0.1046875 0.0484375
2 0.55546875 0.6609375 0.134375 0.053125
2 0.39375 0.67734375 0.1140625 0.046875
2 0.53828125 0.19453125 0.08125 0.01875
2 0.5359375 0.79453125 0.096875 0.065625
2 0.928125 0.06640625 0.0203125 0.09375
2 0.8265625 0.896875 0.065625 0.0640625
2 0.23203125 0.6328125 0.134375 0.109375
2 0.040625 0.75859375 0.0203125 0.2515625
2 0.11484375 0.5765625 0.040625 0.021875
2 0.00859375 0.4875 0.0171875 0.0734375
2 0.05546875 0.228125 0.109375 0.084375
2 0.234375 0.7109375 0.0328125 0.1
2 0.53203125 0.93671875 0.0359375 0.096875
2 0.29140625 0.74921875 0.1265625 0.05625
2 0.95234375 0.4828125 0.0953125 0.090625
2 0.06953125 0.55078125 0.1265625 0.1125
2 0.0578125 0.425 0.1109375 0.1296875
2 0.7703125 0.87421875 0.059375 0.0703125
2 0.078125 0.2609375 0.0640625 0.03125
2 0.41328125 0.7265625 0.121875 0.0609375
2 0.57890625 0.89296875 0.16875 0.034375
2 0.625 0.80859375 0.075 0.0546875
2 0.603125 0.12265625 0.065625 0.084375
2 0.821875 0.96640625 0.040625 0.059375
2 0.67890625 0.38046875 0.1640625 0.134375
2 0.72578125 0.19765625 0.134375 0.378125
2 0.19609375 0.33125 0.034375 0.028125
2 0.16640625 0.16796875 0.0328125 0.125
2 0.89296875 0.96328125 0.0625 0.034375
2 0.95 0.3796875 0.1 0.11875
2 0.6890625 0.7984375 0.05625 0.0515625
2 0.86875 0.1 0.0125 0.053125
2 0.4015625 0.04296875 0.1 0.0859375
2 0.871875 0.0109375 0.0671875 0.021875
2 0.084375 0.6234375 0.0484375 0.025
2 0.8546875 0.43359375 0.109375 0.1390625
2 0.2671875 0.51484375 0.05 0.08125
2 0.97265625 0.0671875 0.028125 0.0875
2 0.246875 0.78359375 0.059375 0.05625
2 0.65625 0.109375 0.0625 0.209375
2 0.76015625 0.4515625 0.0796875 0.146875
2 0.74375 0.659375 0.196875 0.1
2 0.740625 0.52890625 0.159375 0.10625
2 0.40390625 0.62109375 0.2125 0.178125
2 0.61953125 0.4109375 0.2125 0.24375