0 0.7671875 0.44140625 0.175 0.26875
0 0.10390625 0.4125 0.20625 0.14375
0 0.89609375 0.31796875 0.2078125 0.3734375
0 0.053125 0.35859375 0.1 0.0625
0 0.28203125 0.5546875 0.184375 0.1140625
0 0.29140625 0.45703125 0.1703125 0.1140625
0 0.615625 0.740625 0.0609375 0.06875
0 0.66484375 0.71484375 0.04375 0.0171875
0 0.521875 0.73359375 0.103125 0.0640625
0 0.4390625 0.5984375 0.13125 0.0796875
0 0.5546875 0.5578125 0.128125 0.01875
0 0.6671875 0.575 0.034375 0.046875
0 0.60234375 0.5890625 0.040625 0.04375
0 0.6359375 0.57421875 0.028125 0.021875
1 0.62109375 0.6625 0.0671875 0.021875