2 0.240625 0.33046875 0.0515625 0.1203125
2 0.228125 0.5046875 0.065625 0.109375
2 0.33515625 0.5890625 0.025 0.065625
2 0.24921875 0.42734375 0.0625 0.0875
2 0.31171875 0.475 0.03125 0.0953125
2 0.22109375 0.39453125 0.065625 0.10625
2 0.384375 0.66484375 0.05625 0.0828125
2 0.19765625 0.3484375 0.040625 0.090625
2 0.31171875 0.21328125 0.0796875 0.2578125
2 0.29375 0.578125 0.034375 0.0875
2 0.40546875 0.16015625 0.096875 0.190625
2 0.6546875 0.76796875 0.128125 0.2
2 0.45 0.4734375 0.4234375 0.646875
2 0.46875 0.746875 0.209375 0.23125