0 0.4375 0.8171875 0.22578125 0.18046875
0 0.91328125 0.6296875 0.16171875 0.29921875
0 0.1796875 0.71015625 0.35859375 0.2109375
0 0.24921875 0.521875 0.31171875 0.3078125
0 0.6578125 0.48984375 0.09921875 0.2
0 0.7484375 0.52890625 0.1484375 0.10234375
0 0.7828125 0.6296875 0.059375 0.11015625
0 0.70703125 0.64375 0.0765625 0.1171875
0 0.7625 0.71953125 0.1234375 0.1265625
0 0.75078125 0.82265625 0.1234375 0.15234375
0 0.6046875 0.82265625 0.16484375 0.16015625
0 0.6265625 0.71171875 0.10234375 0.1140625
0 0.53515625 0.696875 0.10078125 0.19609375
0 0.47265625 0.6484375 0.1484375 0.1609375
0 0.46796875 0.52421875 0.109375 0.1859375
0 0.5640625 0.52421875 0.08984375 0.1265625