0 0.665625 0.496875 0.115625 0.1859375
0 0.41640625 0.53671875 0.353125 0.2921875
0 0.57265625 0.76015625 0.1421875 0.1875
1 0.72265625 0.39765625 0.103125 0.115625
0 0.61796875 0.41875 0.153125 0.1203125
0 0.1984375 0.4515625 0.1203125 0.2
0 0.21484375 0.35078125 0.1 0.0875
0 0.55390625 0.31484375 0.1640625 0.3875
0 0.26015625 0.6359375 0.06875 0.053125
3 0.459375 0.82109375 0.1671875 0.09375
3 0.4296875 0.91015625 0.0859375 0.028125
3 0.05234375 0.86796875 0.1046875 0.0875
2 0.76328125 0.559375 0.0703125 0.046875
3 0.94453125 0.8 0.1109375 0.1140625
2 0.06953125 0.134375 0.1390625 0.25625
2 0.96015625 0.0921875 0.0640625 0.1234375
1 0.84375 0.46484375 0.059375 0.0515625
3 0.209375 0.86328125 0.353125 0.1671875