0 0.51953125 0.23203125 0.215625 0.2078125
0 0.44140625 0.16328125 0.146875 0.228125
0 0.54765625 0.35546875 0.2140625 0.09375
0 0.3734375 0.35859375 0.096875 0.1484375
0 0.5203125 0.7375 0.175 0.1375
0 0.45859375 0.334375 0.1125 0.1140625
1 0.77421875 0.5234375 0.05625 0.0484375
1 0.65234375 0.2015625 0.2375 0.103125
1 0.5796875 0.1203125 0.11875 0.1375
1 0.8046875 0.3015625 0.1703125 0.0859375
1 0.825 0.43046875 0.221875 0.2171875
1 0.778125 0.271875 0.428125 0.1640625
1 0.66484375 0.26640625 0.20625 0.05625
0 0.53046875 0.83203125 0.184375 0.20625
0 0.65703125 0.62890625 0.178125 0.215625
0 0.3265625 0.428125 0.146875 0.090625
0 0.29140625 0.1 0.184375 0.1234375
0 0.66796875 0.70234375 0.159375 0.0734375
0 0.709375 0.12578125 0.525 0.059375
0 0.403125 0.26640625 0.06875 0.109375
0 0.66484375 0.3640625 0.146875 0.05
0 0.290625 0.2375 0.18125 0.19375
0 0.78828125 0.10546875 0.3796875 0.2109375
0 0.528125 0.26875 0.0859375 0.096875
0 0.4046875 0.60234375 0.3078125 0.153125
0 0.44765625 0.43125 0.1375 0.10625
0 0.2015625 0.2171875 0.1640625 0.11875
0 0.38984375 0.7953125 0.1328125 0.13125
0 0.2875 0.29765625 0.13125 0.084375
0 0.31171875 0.60390625 0.38125 0.2609375
0 0.64375 0.3125 0.184375 0.071875
0 0.165625 0.2484375 0.021875 0.0796875
0 0.32265625 0.38046875 0.090625 0.090625
0 0.7515625 0.675 0.04375 0.065625
0 0.38203125 0.46796875 0.0421875 0.0328125
0 0.2625 0.35390625 0.121875 0.05625
0 0.57734375 0.5046875 0.134375 0.075
0 0.7 0.784375 0.0375 0.10625
0 0.48359375 0.65234375 0.109375 0.0921875
0 0.5703125 0.9625 0.103125 0.075
0 0.26640625 0.465625 0.259375 0.1046875
0 0.14375 0.51328125 0.0140625 0.065625
0 0.259375 0.10703125 0.51875 0.059375
0 0.396875 0.94140625 0.334375 0.1171875
0 0.2125 0.27890625 0.075 0.053125