2 0.740625 0.52421875 0.203125 0.234375
2 0.5890625 0.5484375 0.0953125 0.3390625
2 0.47890625 0.57421875 0.059375 0.3515625
2 0.36875 0.52890625 0.121875 0.240625
2 0.38125 0.32578125 0.065625 0.2828125
2 0.4890625 0.315625 0.0359375 0.215625
2 0.5484375 0.3171875 0.0390625 0.15625
2 0.559375 0.1921875 0.0921875 0.109375
2 0.62265625 0.3328125 0.046875 0.096875
2 0.434375 0.92109375 0.0890625 0.1546875
2 0.696875 0.821875 0.090625 0.24375
2 0.32109375 0.796875 0.075 0.38125
2 0.18671875 0.6140625 0.1 0.0796875
2 0.16875 0.51484375 0.128125 0.084375
2 0.321875 0.36796875 0.078125 0.0875
2 0.25078125 0.5078125 0.078125 0.103125
2 0.1375 0.946875 0.2 0.084375
2 0.50546875 0.31796875 0.015625 0.1765625
2 0.4640625 0.2046875 0.0734375 0.1109375