2 0.5328125 0.615625 0.0375 0.140625
2 0.72734375 0.5015625 0.03125 0.13125
2 0.653125 0.309375 0.05 0.0859375
2 0.884375 0.51484375 0.06875 0.08125
2 0.3125 0.259375 0.034375 0.08125
2 0.23671875 0.27578125 0.01875 0.071875
2 0.44453125 0.45546875 0.05 0.1109375
2 0.92421875 0.703125 0.1390625 0.0828125
2 0.615625 0.35625 0.0359375 0.103125
2 0.21640625 0.2546875 0.0265625 0.0625
2 0.65859375 0.24609375 0.06875 0.05
2 0.59609375 0.31171875 0.075 0.05625
2 0.478125 0.528125 0.0296875 0.084375
2 0.515625 0.315625 0.0609375 0.090625
2 0.72890625 0.41015625 0.046875 0.0921875
2 0.340625 0.40859375 0.0390625 0.0765625
2 0.6265625 0.48515625 0.096875 0.053125
2 0.09921875 0.31640625 0.05 0.06875
2 0.2828125 0.31015625 0.01875 0.075
2 0.28984375 0.21953125 0.0484375 0.075
2 0.57265625 0.3828125 0.075 0.0921875
2 0.8109375 0.6078125 0.05 0.0484375
0 0.57265625 0.1171875 0.065625 0.025
2 0.190625 0.26484375 0.034375 0.046875
2 0.2046875 0.41640625 0.0265625 0.059375
2 0.23203125 0.384375 0.028125 0.046875
2 0.56015625 0.2171875 0.0625 0.084375
2 0.48515625 0.2140625 0.059375 0.075
2 0.465625 0.334375 0.075 0.0875
2 0.79140625 0.39453125 0.04375 0.103125
2 0.70234375 0.27734375 0.046875 0.0359375
2 0.26953125 0.16328125 0.0171875 0.0484375
2 0.3953125 0.23046875 0.0421875 0.0625
2 0.6140625 0.646875 0.059375 0.046875
2 0.17421875 0.41953125 0.025 0.05
2 0.58203125 0.55859375 0.0828125 0.034375
2 0.625 0.21796875 0.071875 0.0375
2 0.15546875 0.28359375 0.03125 0.059375
2 0.659375 0.42734375 0.021875 0.05625
2 0.7484375 0.34375 0.0359375 0.053125
2 0.33671875 0.3328125 0.040625 0.0671875
2 0.3421875 0.19609375 0.025 0.08125
2 0.6734375 0.5375 0.053125 0.0453125
2 0.41328125 0.5265625 0.096875 0.1125
0 0.81484375 0.065625 0.0234375 0.009375
2 0.05390625 0.31953125 0.046875 0.0625
2 0.115625 0.359375 0.01875 0.0359375
2 0.2 0.1921875 0.0703125 0.025
2 0.78359375 0.65625 0.021875 0.13125
2 0.725 0.665625 0.034375 0.04375
2 0.53359375 0.1734375 0.0609375 0.028125
2 0.30625 0.16953125 0.01875 0.0390625
2 0.37890625 0.33515625 0.028125 0.078125
2 0.79375 0.509375 0.040625 0.0375
2 0.8953125 0.47109375 0.065625 0.034375
2 0.16328125 0.21171875 0.0453125 0.053125
0 0.73359375 0.0328125 0.0625 0.0578125
2 0.68984375 0.69765625 0.04375 0.04375
2 0.9375 0.48515625 0.046875 0.04375
2 0.38125 0.16328125 0.04375 0.01875
2 0.83671875 0.425 0.046875 0.0328125
2 0.39453125 0.19296875 0.05625 0.025
2 0.29609375 0.43671875 0.03125 0.075
2 0.23984375 0.4484375 0.040625 0.0328125
2 0.1328125 0.37890625 0.021875 0.034375
2 0.2375 0.165625 0.0421875 0.01875
2 0.71328125 0.74765625 0.04375 0.05625
2 0.63515625 0.45234375 0.025 0.028125
2 0.12578125 0.25078125 0.0359375 0.028125
2 0.684375 0.475 0.0484375 0.1203125
2 0.83515625 0.49296875 0.096875 0.115625
2 0.21015625 0.34296875 0.053125 0.06875
2 0.25859375 0.3125 0.028125 0.096875
2 0.5171875 0.49296875 0.09375 0.0859375
2 0.45546875 0.1640625 0.1 0.04375
2 0.7 0.33203125 0.053125 0.071875
2 0.875 0.42578125 0.08125 0.0515625
2 0.82109375 0.7140625 0.08125 0.109375
2 0.94375 0.58125 0.0625 0.090625
2 0.86796875 0.60859375 0.10625 0.053125
2 0.86640625 0.64375 0.125 0.0515625
2 0.678125 0.38203125 0.096875 0.05
2 0.64921875 0.3078125 0.065625 0.103125
2 0.3625 0.484375 0.075 0.0796875
2 0.67890625 0.63359375 0.1015625 0.121875
2 0.3890625 0.39609375 0.046875 0.0484375
2 0.75390625 0.06953125 0.1171875 0.05625
2 0.84453125 0.08046875 0.0515625 0.0328125
2 0.4875 0.24375 0.084375 0.096875
2 0.171875 0.34921875 0.0546875 0.0703125
2 0.56796875 0.63203125 0.0578125 0.140625
2 0.61328125 0.6984375 0.075 0.090625
2 0.5203125 0.42578125 0.075 0.06875
2 0.4203125 0.3171875 0.040625 0.06875
2 0.30078125 0.35 0.0375 0.08125
2 0.2703125 0.39765625 0.053125 0.0703125
2 0.1328125 0.22109375 0.0265625 0.034375
2 0.75625 0.478125 0.05625 0.15625
2 0.75390625 0.58125 0.0671875 0.071875