2 0.5140625 0.4296875 0.04375 0.053125
2 0.5640625 0.66953125 0.03125 0.06875
2 0.37421875 0.4625 0.028125 0.040625
2 0.578125 0.50078125 0.05 0.06875
2 0.375 0.5125 0.0375 0.05625
2 0.33046875 0.575 0.0515625 0.075
2 0.715625 0.45078125 0.0234375 0.0375
2 0.4203125 0.51015625 0.0375 0.075
2 0.49140625 0.5125 0.028125 0.075
2 0.675 0.44609375 0.0375 0.034375
2 0.965625 0.42265625 0.05 0.053125
2 0.45234375 0.609375 0.053125 0.0640625
2 0.4515625 0.53359375 0.034375 0.0875
2 0.209375 0.58984375 0.04375 0.06875
2 0.93203125 0.60234375 0.065625 0.040625
2 0.62265625 0.61171875 0.0328125 0.0734375
2 0.2421875 0.51171875 0.0296875 0.065625
2 0.2765625 0.6984375 0.05 0.065625
2 0.3375 0.68984375 0.05625 0.0546875
2 0.6203125 0.47421875 0.05 0.05625
2 0.75703125 0.45390625 0.059375 0.046875
2 0.14375 0.6421875 0.028125 0.04375
2 0.85234375 0.59453125 0.021875 0.146875
2 0.68515625 0.4171875 0.0265625 0.028125
2 0.21328125 0.52265625 0.034375 0.0546875
2 0.7765625 0.42890625 0.046875 0.025
2 0.67265625 0.4890625 0.028125 0.053125
2 0.21953125 0.69140625 0.034375 0.046875
2 0.60234375 0.41640625 0.0359375 0.053125
2 0.3 0.503125 0.0234375 0.059375
2 0.57890625 0.45703125 0.040625 0.0453125
2 0.9125 0.534375 0.0484375 0.046875
2 0.7359375 0.5828125 0.0484375 0.053125
2 0.85546875 0.396875 0.0265625 0.03125
2 0.59140625 0.66796875 0.053125 0.0703125
2 0.3203125 0.5 0.025 0.05
2 0.31171875 0.6359375 0.0375 0.05
2 0.48828125 0.45546875 0.03125 0.0375
2 0.54375 0.53203125 0.0390625 0.065625
2 0.1875 0.5609375 0.03125 0.0375
2 0.71796875 0.48515625 0.0546875 0.0375
2 0.48359375 0.39296875 0.046875 0.0640625
2 0.90390625 0.38828125 0.05 0.040625
2 0.46953125 0.47109375 0.025 0.0421875
2 0.23125 0.728125 0.034375 0.05625
2 0.2890625 0.578125 0.0375 0.05
2 0.52890625 0.59765625 0.0453125 0.0640625
2 0.6828125 0.559375 0.0421875 0.0421875
2 0.228125 0.646875 0.040625 0.034375
2 0.12578125 0.703125 0.04375 0.0546875
2 0.775 0.6328125 0.04375 0.065625
2 0.87578125 0.421875 0.0375 0.025
2 0.3390625 0.41640625 0.0296875 0.0359375
2 0.3109375 0.415625 0.028125 0.025
2 0.615625 0.55625 0.046875 0.0484375
2 0.83671875 0.4375 0.040625 0.01875
2 0.728125 0.6328125 0.046875 0.05625
2 0.3703125 0.41796875 0.025 0.028125
2 0.17109375 0.57265625 0.01875 0.0359375
2 0.840625 0.53984375 0.0578125 0.04375
2 0.78828125 0.49140625 0.025 0.05625
2 0.71796875 0.54765625 0.0390625 0.059375
2 0.4078125 0.44921875 0.040625 0.04375
2 0.13984375 0.60703125 0.01875 0.025
2 0.52734375 0.496875 0.040625 0.05625
2 0.9265625 0.46796875 0.0375 0.0375
2 0.49375 0.7140625 0.040625 0.046875
2 0.1796875 0.615625 0.0375 0.059375
2 0.975 0.490625 0.028125 0.0453125
2 0.1703125 0.71640625 0.028125 0.0578125
2 0.88515625 0.75 0.071875 0.040625
2 0.88203125 0.57890625 0.04375 0.059375
2 0.9796875 0.54375 0.0359375 0.0484375
2 0.8015625 0.41796875 0.0453125 0.021875
2 0.778125 0.709375 0.053125 0.0890625
2 0.946875 0.55078125 0.034375 0.05
2 0.28515625 0.503125 0.015625 0.05
2 0.85703125 0.4578125 0.05625 0.0296875
2 0.4546875 0.6875 0.05625 0.0375
2 0.7921875 0.5640625 0.028125 0.059375
2 0.8828125 0.48984375 0.053125 0.034375
2 0.303125 0.4578125 0.0375 0.034375
2 0.68515625 0.60625 0.04375 0.04375
2 0.95625 0.7140625 0.05 0.06875
2 0.1 0.68046875 0.040625 0.053125
2 0.83046875 0.7390625 0.0375 0.06875
2 0.88359375 0.65625 0.021875 0.071875
2 0.98828125 0.62890625 0.0234375 0.065625
2 0.534375 0.721875 0.0609375 0.05625
2 0.69765625 0.64140625 0.028125 0.046875
2 0.8265625 0.50546875 0.025 0.03125
2 0.05078125 0.6921875 0.0125 0.0203125
2 0.4 0.7203125 0.05625 0.0484375
2 0.76875 0.3953125 0.021875 0.0265625
2 0.86875 0.6328125 0.0375 0.034375
2 0.80703125 0.64453125 0.053125 0.06875
2 0.8140625 0.52734375 0.025 0.028125
2 0.2359375 0.6734375 0.040625 0.0296875
2 0.96796875 0.76953125 0.0625 0.1109375
2 0.83984375 0.478125 0.03125 0.0296875
2 0.921875 0.6625 0.03125 0.08125
2 0.05234375 0.6375 0.01875 0.01875
2 0.1703125 0.76328125 0.0515625 0.040625
2 0.2625 0.471875 0.0390625 0.0328125
2 0.88203125 0.3859375 0.028125 0.04375
2 0.87265625 0.7046875 0.015625 0.059375
2 0.715625 0.7984375 0.0921875 0.025
2 0.2484375 0.7046875 0.03125 0.028125
2 0.66015625 0.79609375 0.046875 0.01875
2 0.659375 0.66484375 0.0453125 0.065625
2 0.33515625 0.790625 0.0625 0.053125
2 0.390625 0.79921875 0.0359375 0.046875
2 0.365625 0.6171875 0.059375 0.06875
2 0.94765625 0.5078125 0.046875 0.078125
2 0.4234375 0.4296875 0.0671875 0.0578125
2 0.190625 0.70234375 0.0484375 0.096875
2 0.41484375 0.66640625 0.034375 0.0828125
2 0.41484375 0.59296875 0.0390625 0.059375
2 0.48984375 0.58359375 0.0328125 0.0625
2 0.4953125 0.65703125 0.0375 0.046875
2 0.64609375 0.4203125 0.040625 0.040625
2 0.71015625 0.69140625 0.05 0.065625