0 0.765625 0.5203125 0.290625 0.171875
0 0.275 0.4015625 0.35 0.16875
0 0.13046875 0.30859375 0.071875 0.040625
3 0.87109375 0.26640625 0.23125 0.09375
3 0.7328125 0.2734375 0.121875 0.065625
3 0.64375 0.2640625 0.0828125 0.0703125
3 0.58203125 0.24765625 0.05 0.0375
3 0.5171875 0.2578125 0.084375 0.0578125
3 0.4359375 0.2484375 0.075 0.0578125
3 0.36875 0.24296875 0.059375 0.05
3 0.321875 0.2359375 0.034375 0.03125
3 0.29140625 0.2359375 0.0296875 0.021875
3 0.23828125 0.2359375 0.04375 0.025
3 0.26875 0.2328125 0.01875 0.0140625