1 0.38125 0.753125 0.225 0.228125
1 0.4390625 0.2296875 0.1875 0.1
1 0.3328125 0.50625 0.109375 0.1359375
1 0.2453125 0.478125 0.1171875 0.1140625
1 0.3109375 0.415625 0.04375 0.05625
1 0.440625 0.9265625 0.14375 0.146875
1 0.37421875 0.9046875 0.109375 0.08125
1 0.578125 0.8015625 0.1 0.159375
1 0.5796875 0.37265625 0.175 0.0953125
1 0.81015625 0.634375 0.0703125 0.06875
1 0.621875 0.6421875 0.240625 0.14375
1 0.4296875 0.9671875 0.096875 0.0421875
1 0.7234375 0.52890625 0.128125 0.103125
1 0.59921875 0.503125 0.165625 0.178125
1 0.7203125 0.3890625 0.1140625 0.0625
1 0.37265625 0.3859375 0.159375 0.103125
1 0.25625 0.18828125 0.109375 0.121875
1 0.5421875 0.16171875 0.1234375 0.090625
1 0.49765625 0.10546875 0.128125 0.115625
1 0.5859375 0.0921875 0.1125 0.140625
1 0.70625 0.2703125 0.078125 0.0765625
1 0.75703125 0.44453125 0.1140625 0.0875
1 0.74921875 0.665625 0.0234375 0.0328125
1 0.6578125 0.76328125 0.1046875 0.1234375
1 0.59609375 0.90625 0.090625 0.0875
1 0.5953125 0.97578125 0.1375 0.0484375
1 0.596875 0.953125 0.09375 0.0484375
1 0.20625 0.309375 0.1125 0.09375
1 0.2046875 0.39453125 0.125 0.115625
1 0.22265625 0.55 0.059375 0.0734375
1 0.4109375 0.15234375 0.1078125 0.1
1 0.24921875 0.90078125 0.0859375 0.109375
1 0.23125 0.64296875 0.084375 0.3125
1 0.30390625 0.0421875 0.084375 0.084375
1 0.51015625 0.040625 0.096875 0.065625
1 0.39453125 0.3140625 0.10625 0.13125
1 0.4796875 0.4828125 0.15625 0.190625
1 0.5984375 0.19609375 0.121875 0.1015625
1 0.471875 0.61328125 0.1390625 0.165625
1 0.51640625 0.74140625 0.1171875 0.1
1 0.4671875 0.81953125 0.1421875 0.125
1 0.04453125 0.12578125 0.0890625 0.1375
1 0.02890625 0.28828125 0.0578125 0.05
1 0.01015625 0.22265625 0.0203125 0.034375
1 0.096875 0.76015625 0.021875 0.025