2 0.6421875 0.5515625 0.103125 0.2515625
2 0.55625 0.63671875 0.040625 0.2296875
2 0.53515625 0.6328125 0.1015625 0.328125
2 0.4671875 0.6140625 0.046875 0.1703125
2 0.4125 0.54609375 0.121875 0.2828125
2 0.36171875 0.5765625 0.065625 0.2515625
2 0.27109375 0.6296875 0.115625 0.2515625
2 0.18125 0.6109375 0.09375 0.24375
2 0.875 0.5375 0.0765625 0.184375
2 0.87265625 0.52890625 0.190625 0.103125
2 0.79453125 0.58828125 0.11875 0.128125
2 0.72578125 0.61796875 0.046875 0.1453125
2 0.646875 0.625 0.0828125 0.15625
2 0.60546875 0.6734375 0.084375 0.184375
2 0.15390625 0.546875 0.3078125 0.071875
2 0.05234375 0.65390625 0.1015625 0.15
2 0.0546875 0.43046875 0.109375 0.1140625
2 0.06484375 0.4890625 0.128125 0.071875
2 0.34921875 0.37265625 0.125 0.096875
2 0.8890625 0.4421875 0.21875 0.146875
2 0.71484375 0.51796875 0.134375 0.13125
2 0.425 0.72421875 0.10625 0.11875