0 0.3609375 0.4390625 0.1390625 0.2390625
0 0.17734375 0.91640625 0.15 0.1625
0 0.67890625 0.2546875 0.21875 0.1421875
0 0.8265625 0.31171875 0.0453125 0.0515625
0 0.41640625 0.6609375 0.084375 0.153125
0 0.3921875 0.17578125 0.0828125 0.0765625
0 0.34375 0.20703125 0.11875 0.13125
0 0.45703125 0.53671875 0.084375 0.09375
0 0.61171875 0.86015625 0.075 0.078125
0 0.5296875 0.79140625 0.18125 0.140625
0 0.3015625 0.5625 0.071875 0.053125
0 0.2296875 0.33203125 0.1484375 0.3375
0 0.3484375 0.33203125 0.1171875 0.10625