2 0.634375 0.49765625 0.175 0.203125
2 0.62734375 0.32578125 0.0609375 0.0984375
2 0.4984375 0.2578125 0.08125 0.2125
2 0.56875 0.20546875 0.078125 0.0875
2 0.68671875 0.184375 0.0859375 0.0515625
2 0.565625 0.796875 0.040625 0.090625
2 0.50859375 0.45078125 0.15625 0.08125
2 0.7328125 0.06171875 0.0328125 0.05
2 0.66015625 0.14140625 0.10625 0.0453125
2 0.8359375 0.1515625 0.2109375 0.153125
2 0.61171875 0.74296875 0.1046875 0.08125
2 0.28671875 0.52890625 0.084375 0.040625
2 0.69609375 0.34296875 0.1703125 0.0921875
2 0.8171875 0.39609375 0.171875 0.2
2 0.5234375 0.72109375 0.0453125 0.0625
2 0.7421875 0.21484375 0.121875 0.0625
2 0.821875 0.3125 0.159375 0.0484375
2 0.3734375 0.5078125 0.08125 0.040625
3 0.16875 0.1984375 0.31875 0.046875
2 0.528125 0.5375 0.084375 0.090625
2 0.45390625 0.46484375 0.034375 0.0125
2 0.725 0.02421875 0.071875 0.0484375
2 0.68515625 0.28671875 0.15625 0.0625
2 0.55703125 0.74140625 0.0484375 0.04375
2 0.75390625 0.10234375 0.0734375 0.065625
2 0.48359375 0.615625 0.2125 0.103125
2 0.57421875 0.4234375 0.23125 0.159375
2 0.78515625 0.5578125 0.159375 0.1796875
2 0.63359375 0.640625 0.146875 0.103125
2 0.6359375 0.26171875 0.29375 0.1515625
2 0.40390625 0.49453125 0.259375 0.165625