2 0.11796875 0.15390625 0.01875 0.0421875
2 0.3109375 0.33828125 0.01875 0.040625
2 0.6203125 0.2390625 0.0375 0.0296875
2 0.2140625 0.2296875 0.0375 0.046875
2 0.23046875 0.24296875 0.034375 0.0390625
2 0.2328125 0.27890625 0.03125 0.0625
2 0.37734375 0.2796875 0.025 0.0546875
2 0.43125 0.28125 0.0328125 0.0671875
2 0.2140625 0.14296875 0.04375 0.0609375
2 0.15546875 0.2546875 0.025 0.046875
2 0.20390625 0.346875 0.021875 0.015625
2 0.12734375 0.20703125 0.034375 0.03125
2 0.15234375 0.1796875 0.0265625 0.05
2 0.1625 0.1375 0.034375 0.040625
2 0.1046875 0.21484375 0.0265625 0.0328125
2 0.31796875 0.234375 0.046875 0.0515625
2 0.33984375 0.32265625 0.01875 0.040625
2 0.6265625 0.32578125 0.053125 0.040625
2 0.56484375 0.33203125 0.040625 0.046875
2 0.540625 0.2171875 0.028125 0.0578125
2 0.5515625 0.15546875 0.021875 0.0484375
2 0.49609375 0.175 0.021875 0.046875
2 0.515625 0.16875 0.0375 0.053125
2 0.44140625 0.1921875 0.040625 0.0234375
2 0.3875 0.24921875 0.05 0.0515625
2 0.271875 0.2921875 0.0375 0.0515625
2 0.22578125 0.34453125 0.0328125 0.028125
2 0.18515625 0.190625 0.0390625 0.04375
2 0.26484375 0.1875 0.040625 0.053125
2 0.17734375 0.2734375 0.028125 0.046875
2 0.40703125 0.37109375 0.04375 0.0578125
2 0.34453125 0.2859375 0.0375 0.053125
2 0.3484375 0.2078125 0.04375 0.0578125
2 0.52265625 0.3109375 0.0328125 0.0484375
2 0.4765625 0.2796875 0.0390625 0.065625
2 0.49765625 0.31328125 0.040625 0.0515625
2 0.275 0.334375 0.059375 0.059375
2 0.1984375 0.3078125 0.0375 0.0546875
2 0.22578125 0.1953125 0.0375 0.053125
2 0.2515625 0.11875 0.0234375 0.059375
2 0.46796875 0.128125 0.040625 0.0390625
2 0.37265625 0.0859375 0.084375 0.04375
2 0.3984375 0.16015625 0.046875 0.078125
2 0.465625 0.221875 0.046875 0.028125
2 0.5734375 0.246875 0.0421875 0.028125
2 0.7234375 0.36875 0.05625 0.040625
2 0.6796875 0.3671875 0.0265625 0.0265625
2 0.69296875 0.3203125 0.05 0.046875
2 0.7640625 0.3453125 0.046875 0.0375
2 0.8328125 0.2921875 0.0375 0.059375
2 0.884375 0.11484375 0.06875 0.0828125
2 0.7984375 0.1234375 0.0515625 0.0515625
2 0.7484375 0.146875 0.040625 0.046875
2 0.67265625 0.16640625 0.059375 0.053125
2 0.634375 0.1921875 0.0390625 0.0703125
2 0.6125 0.19921875 0.0453125 0.059375
2 0.6875 0.2375 0.0453125 0.0625
2 0.65078125 0.2765625 0.040625 0.071875
2 0.5796875 0.2828125 0.05 0.0546875
2 0.78515625 0.2453125 0.034375 0.0609375
2 0.8140625 0.240625 0.0609375 0.0484375
2 0.87265625 0.26953125 0.0453125 0.04375
2 0.921875 0.215625 0.0171875 0.06875
2 0.896875 0.2171875 0.04375 0.046875
2 0.94765625 0.17265625 0.040625 0.0375
2 0.88203125 0.171875 0.05 0.040625
2 0.8203125 0.16015625 0.059375 0.053125
2 0.7546875 0.23125 0.0578125 0.040625
2 0.7296875 0.2703125 0.0515625 0.0328125
2 0.621875 0.35625 0.0375 0.0296875
2 0.50546875 0.35703125 0.0421875 0.04375
2 0.55234375 0.3515625 0.040625 0.0328125
2 0.37109375 0.32890625 0.0671875 0.0421875
2 0.32734375 0.1546875 0.0515625 0.0578125
2 0.45859375 0.159375 0.059375 0.0515625
2 0.4390625 0.2234375 0.046875 0.0515625
2 0.5265625 0.2375 0.05625 0.084375
2 0.4484375 0.3421875 0.053125 0.05625
2 0.58984375 0.3453125 0.0375 0.0625
2 0.76484375 0.1859375 0.046875 0.059375
2 0.68515625 0.1890625 0.05 0.0734375
2 0.70078125 0.22265625 0.021875 0.1125
2 0.72578125 0.18046875 0.034375 0.090625
2 0.2828125 0.14140625 0.053125 0.059375
2 0.2890625 0.2515625 0.046875 0.0921875