2 0.07734375 0.55390625 0.15390625 0.32421875
2 0.25078125 0.3984375 0.18046875 0.08125
2 0.8890625 0.6671875 0.221875 0.115625
2 0.21875 0.6515625 0.06484375 0.0625
2 0.375 0.78046875 0.05859375 0.06328125
2 0.0515625 0.34765625 0.08359375 0.10703125
2 0.35 0.70859375 0.02578125 0.14296875
2 0.02734375 0.67265625 0.028125 0.10546875
2 0.5421875 0.62578125 0.27265625 0.25234375
2 0.89921875 0.9390625 0.059375 0.0609375
2 0.06796875 0.24453125 0.08671875 0.0765625
2 0.4328125 0.44375 0.246875 0.09140625
2 0.43515625 0.62265625 0.1234375 0.05859375
2 0.83203125 0.8859375 0.05234375 0.03203125
2 0.45390625 0.778125 0.06484375 0.06015625
2 0.903125 0.62265625 0.10546875 0.025
2 0.21171875 0.50625 0.11484375 0.053125
2 0.52421875 0.93828125 0.13984375 0.1203125
2 0.3453125 0.6328125 0.0375 0.04140625
2 0.1265625 0.14453125 0.05703125 0.14609375
2 0.66328125 0.521875 0.04921875 0.06171875
2 0.365625 0.91484375 0.025 0.1234375
2 0.15546875 0.37421875 0.0109375 0.13125
2 0.02109375 0.46328125 0.04140625 0.04375
2 0.37109375 0.54921875 0.10234375 0.08046875
2 0.28359375 0.534375 0.103125 0.07265625
2 0.403125 0.86015625 0.05078125 0.0328125
2 0.0109375 0.2265625 0.01015625 0.128125
2 0.41015625 0.9140625 0.07109375 0.15390625
2 0.70546875 0.68359375 0.084375 0.1328125
2 0.4390625 0.4921875 0.08515625 0.06875
2 0.2703125 0.61875 0.11015625 0.0921875
2 0.084375 0.5609375 0.165625 0.1515625