2 0.61484375 0.57421875 0.1 0.06875
2 0.65625 0.646875 0.0375 0.03125
2 0.6015625 0.371875 0.090625 0.1015625
2 0.4203125 0.6234375 0.128125 0.0625
2 0.55703125 0.4578125 0.1484375 0.0890625
2 0.66640625 0.40078125 0.1125 0.096875
2 0.65703125 0.45625 0.04375 0.0625
2 0.5140625 0.8125 0.0203125 0.08125
2 0.58515625 0.840625 0.05 0.05625
2 0.39296875 0.9546875 0.071875 0.046875
2 0.60390625 0.45859375 0.0640625 0.05
2 0.6578125 0.18046875 0.0953125 0.059375
2 0.4953125 0.49765625 0.24375 0.15625
2 0.625 0.640625 0.05 0.03125
2 0.72109375 0.04609375 0.05625 0.0921875
2 0.584375 0.715625 0.0375 0.028125
2 0.64453125 0.5296875 0.03125 0.05
2 0.59765625 0.175 0.21875 0.090625
2 0.6453125 0.59140625 0.040625 0.028125
2 0.55390625 0.7765625 0.0828125 0.11875
2 0.5046875 0.88359375 0.0671875 0.10625
2 0.54296875 0.6265625 0.0625 0.0375
2 0.21484375 0.6703125 0.2234375 0.034375
2 0.67734375 0.22578125 0.0828125 0.046875
2 0.6234375 0.6140625 0.065625 0.0421875
2 0.39609375 0.90859375 0.084375 0.0375
2 0.5375 0.23671875 0.05 0.0421875
2 0.56953125 0.58046875 0.0671875 0.05
2 0.6890625 0.246875 0.0625 0.0453125
2 0.621875 0.68828125 0.059375 0.0375
2 0.63046875 0.503125 0.03125 0.05
2 0.309375 0.66796875 0.090625 0.0375
2 0.48515625 0.17109375 0.1359375 0.0203125
2 0.5796875 0.76640625 0.03125 0.0171875
2 0.7203125 0.0984375 0.05 0.0421875
2 0.63828125 0.24140625 0.0375 0.0296875
2 0.65625 0.2640625 0.0375 0.0203125