2 0.5625 0.7921875 0.275 0.24375
2 0.79140625 0.628125 0.4140625 0.13125
2 0.66328125 0.51640625 0.175 0.090625
2 0.2296875 0.6109375 0.184375 0.10625
2 0.509375 0.9546875 0.13125 0.090625
2 0.4171875 0.89453125 0.13125 0.125
2 0.56953125 0.453125 0.0453125 0.08125
2 0.3140625 0.4140625 0.05 0.134375
2 0.3421875 0.07265625 0.05625 0.1171875
2 0.30078125 0.10703125 0.0328125 0.0796875
2 0.24375 0.128125 0.040625 0.08125
2 0.33046875 0.78984375 0.1125 0.08125
2 0.23046875 0.04375 0.06875 0.059375
2 0.3984375 0.2125 0.028125 0.109375
2 0.7546875 0.94375 0.028125 0.1125
2 0.30546875 0.871875 0.121875 0.090625
2 0.2390625 0.8875 0.059375 0.1546875
2 0.51328125 0.059375 0.090625 0.06875
2 0.31953125 0.91796875 0.028125 0.034375
2 0.3734375 0.7046875 0.0921875 0.0625
2 0.43125 0.065625 0.0796875 0.1296875
2 0.1109375 0.496875 0.08125 0.078125
2 0.22265625 0.1484375 0.03125 0.059375
2 0.7953125 0.9546875 0.040625 0.090625
2 0.653125 0.3546875 0.04375 0.06875
2 0.07734375 0.3734375 0.1546875 0.075
2 0.36171875 0.9609375 0.059375 0.071875
2 0.4109375 0.9734375 0.04375 0.053125
2 0.4734375 0.28203125 0.0390625 0.053125
2 0.2140625 0.7265625 0.0875 0.075
2 0.3421875 0.89296875 0.01875 0.025
2 0.4640625 0.3859375 0.1546875 0.115625
2 0.29765625 0.7734375 0.0296875 0.0375
2 0.51171875 0.2765625 0.078125 0.103125
2 0.30078125 0.2375 0.034375 0.1
2 0.4859375 0.59296875 0.096875 0.090625
2 0.3984375 0.1046875 0.046875 0.053125
2 0.34375 0.11640625 0.028125 0.05
2 0.24296875 0.2546875 0.0421875 0.0578125
2 0.79609375 0.41640625 0.378125 0.0703125
2 0.596875 0.221875 0.03125 0.053125
2 0.3859375 0.634375 0.0984375 0.053125
2 0.3234375 0.9484375 0.0234375 0.03125
2 0.275 0.46015625 0.0484375 0.059375
2 0.61328125 0.2875 0.04375 0.05625
2 0.4578125 0.68203125 0.09375 0.06875
2 0.3 0.94609375 0.01875 0.01875
2 0.70234375 0.36640625 0.046875 0.0375
3 0.075 0.62265625 0.146875 0.0609375
2 0.46328125 0.98203125 0.05625 0.0359375
2 0.15859375 0.1828125 0.09375 0.01875
2 0.33203125 0.21171875 0.065625 0.025
3 0.065625 0.409375 0.128125 0.0453125
2 0.7421875 0.83359375 0.134375 0.096875
2 0.72578125 0.89921875 0.134375 0.084375
2 0.675 0.8625 0.140625 0.140625
2 0.228125 0.2984375 0.16875 0.171875
2 0.39609375 0.18046875 0.3453125 0.14375
2 0.3609375 0.37109375 0.434375 0.15