0 0.16015625 0.2734375 0.2234375 0.121875
0 0.1859375 0.375 0.153125 0.171875
0 0.453125 0.49921875 0.125 0.11875
0 0.43984375 0.621875 0.096875 0.115625
0 0.6359375 0.7421875 0.1640625 0.2078125
0 0.384375 0.05703125 0.0484375 0.103125
0 0.4609375 0.103125 0.2671875 0.15625
0 0.525 0.24296875 0.3734375 0.171875
0 0.7796875 0.5609375 0.215625 0.215625
0 0.5421875 0.36484375 0.421875 0.1484375
0 0.278125 0.459375 0.140625 0.0859375
0 0.6890625 0.9421875 0.25625 0.1078125
0 0.60703125 0.5328125 0.1953125 0.2203125
0 0.2421875 0.203125 0.134375 0.1109375
0 0.46484375 0.77578125 0.13125 0.0453125
0 0.47265625 0.83125 0.140625 0.05
0 0.5234375 0.87109375 0.15 0.065625
0 0.440625 0.88359375 0.059375 0.040625
0 0.31796875 0.31953125 0.06875 0.075
0 0.29375 0.3765625 0.121875 0.0890625
0 0.86796875 0.4375 0.1875 0.234375
0 0.328125 0.571875 0.15625 0.075
0 0.3671875 0.615625 0.125 0.078125
0 0.39140625 0.70234375 0.29375 0.0546875
0 0.259375 0.525 0.153125 0.1125