2 0.275 0.328125 0.090625 0.0625
2 0.5578125 0.63203125 0.05 0.0984375
2 0.5953125 0.6328125 0.034375 0.09375
2 0.275 0.3921875 0.0625 0.0453125
2 0.4015625 0.49921875 0.16875 0.109375
2 0.384375 0.4484375 0.071875 0.034375
2 0.5828125 0.4359375 0.0734375 0.090625
2 0.34921875 0.20859375 0.0984375 0.05
2 0.453125 0.78828125 0.028125 0.071875
2 0.28671875 0.2859375 0.125 0.05
2 0.6 0.55234375 0.01875 0.04375
2 0.19453125 0.259375 0.121875 0.06875
2 0.390625 0.7828125 0.0875 0.0390625
2 0.51640625 0.65859375 0.05625 0.0515625
2 0.50078125 0.5515625 0.028125 0.01875
2 0.28203125 0.5734375 0.0984375 0.071875
2 0.61953125 0.43125 0.0328125 0.1015625
2 0.37890625 0.41484375 0.05 0.040625
2 0.49609375 0.92734375 0.075 0.1453125
2 0.44296875 0.25390625 0.065625 0.0546875
2 0.178125 0.17578125 0.1484375 0.103125
2 0.6375 0.621875 0.059375 0.0296875
2 0.46953125 0.3609375 0.028125 0.015625
2 0.63359375 0.52265625 0.0828125 0.01875
2 0.2609375 0.17734375 0.0640625 0.0625
2 0.425 0.45 0.03125 0.01875
2 0.47421875 0.8 0.021875 0.04375
2 0.50234375 0.42734375 0.053125 0.01875
2 0.32109375 0.6359375 0.075 0.071875
2 0.3328125 0.39375 0.0375 0.0609375
2 0.46484375 0.73046875 0.01875 0.0125
2 0.47265625 0.68125 0.0578125 0.028125
2 0.4515625 0.72578125 0.021875 0.0140625
2 0.32421875 0.3171875 0.0484375 0.059375
2 0.55 0.76875 0.04375 0.0125
2 0.453125 0.37421875 0.075 0.065625
2 0.51484375 0.47734375 0.034375 0.04375
2 0.50859375 0.77890625 0.040625 0.0359375
2 0.42265625 0.30625 0.028125 0.025
2 0.428125 0.70546875 0.040625 0.05
2 0.534375 0.2953125 0.09375 0.0546875
2 0.50078125 0.6046875 0.0796875 0.05
2 0.56171875 0.39140625 0.028125 0.015625
2 0.2765625 0.25234375 0.034375 0.021875
2 0.44921875 0.7515625 0.046875 0.0203125
2 0.52421875 0.9796875 0.025 0.0375
2 0.3671875 0.6546875 0.03125 0.01875
2 0.384375 0.2265625 0.021875 0.015625
2 0.42578125 0.81953125 0.028125 0.025
2 0.390625 0.296875 0.05625 0.05625
2 0.38515625 0.3421875 0.084375 0.059375
2 0.44765625 0.3140625 0.0546875 0.05
2 0.5625 0.3640625 0.0546875 0.053125
2 0.59296875 0.49375 0.140625 0.078125
2 0.56328125 0.70546875 0.05625 0.046875
2 0.47265625 0.74296875 0.121875 0.059375
2 0.4171875 0.79921875 0.078125 0.0609375
2 0.39609375 0.58203125 0.084375 0.0625
2 0.428125 0.6234375 0.059375 0.04375
2 0.55390625 0.59140625 0.0578125 0.096875
2 0.50078125 0.56640625 0.121875 0.084375
2 0.2890625 0.42578125 0.05625 0.040625
2 0.3078125 0.4703125 0.1015625 0.059375
2 0.26640625 0.52734375 0.0578125 0.071875
2 0.1921875 0.30859375 0.0859375 0.0515625