0 0.47421875 0.759375 0.090625 0.16875
0 0.55390625 0.628125 0.065625 0.215625
3 0.6953125 0.67578125 0.221875 0.234375
0 0.42109375 0.29765625 0.4046875 0.1578125
0 0.2765625 0.6359375 0.0859375 0.1390625
0 0.35234375 0.7859375 0.071875 0.103125
0 0.25078125 0.74453125 0.084375 0.115625
0 0.35078125 0.6140625 0.06875 0.1125
0 0.409375 0.6859375 0.0890625 0.1328125
0 0.33046875 0.6984375 0.071875 0.103125
0 0.69609375 0.5140625 0.25 0.246875
3 0.1140625 0.60390625 0.225 0.265625
0 0.94921875 0.5640625 0.096875 0.0453125
0 0.88984375 0.57109375 0.0546875 0.0375
0 0.8546875 0.5828125 0.0375 0.028125