0 0.8828125 0.76328125 0.2109375 0.18125
0 0.67421875 0.42890625 0.284375 0.1875
0 0.4859375 0.73515625 0.346875 0.096875
0 0.75703125 0.696875 0.19375 0.08125
0 0.065625 0.9265625 0.13125 0.146875
0 0.6484375 0.7765625 0.240625 0.090625
0 0.38984375 0.8453125 0.2421875 0.078125
0 0.33359375 0.4390625 0.384375 0.128125
0 0.48359375 0.65390625 0.259375 0.065625
0 0.6125 0.6015625 0.14375 0.05
0 0.49296875 0.27890625 0.321875 0.19375
0 0.171875 0.46953125 0.04375 0.0484375
0 0.74296875 0.61484375 0.128125 0.071875
0 0.69375 0.54609375 0.0953125 0.053125
0 0.134375 0.75546875 0.109375 0.140625
0 0.4796875 0.58203125 0.175 0.065625
0 0.24921875 0.25546875 0.0703125 0.046875
0 0.2734375 0.221875 0.109375 0.0578125
0 0.22421875 0.76015625 0.146875 0.109375
0 0.3796875 0.63125 0.109375 0.03125
0 0.35859375 0.49765625 0.0609375 0.0375
0 0.66875 0.8015625 0.071875 0.021875
0 0.2203125 0.50859375 0.11875 0.0609375
0 0.3140625 0.26328125 0.059375 0.04375
0 0.35078125 0.57421875 0.078125 0.05
0 0.49921875 0.91640625 0.0515625 0.04375
0 0.27734375 0.15625 0.15 0.1015625
0 0.76875 0.32109375 0.28125 0.13125
0 0.05703125 0.72578125 0.109375 0.1875
0 0.05546875 0.8375 0.1109375 0.25
0 0.0625 0.603125 0.11875 0.2375
0 0.1640625 0.621875 0.153125 0.19375