0 0.665625 0.503125 0.115625 0.1859375
0 0.41640625 0.46328125 0.353125 0.2921875
0 0.57265625 0.23984375 0.1421875 0.18671875
1 0.72265625 0.60234375 0.10234375 0.115625
0 0.61796875 0.58125 0.15234375 0.1203125
0 0.1984375 0.5484375 0.1203125 0.20078125
0 0.21484375 0.64921875 0.09921875 0.0875
0 0.55390625 0.68515625 0.1640625 0.38671875
0 0.26015625 0.3640625 0.06796875 0.05234375
3 0.459375 0.17890625 0.16640625 0.09296875
3 0.4296875 0.08984375 0.08515625 0.02890625
3 0.05234375 0.13203125 0.1046875 0.0875
2 0.76328125 0.440625 0.0703125 0.04765625
3 0.94453125 0.2 0.1109375 0.1140625
2 0.06953125 0.865625 0.13828125 0.25625
2 0.96015625 0.9078125 0.0640625 0.1234375
1 0.84375 0.53515625 0.06015625 0.0515625
3 0.209375 0.13671875 0.35234375 0.1671875