0 0.340625 0.75 0.121875 0.1296875
0 0.22109375 0.1359375 0.221875 0.1859375
0 0.57421875 0.32109375 0.11875 0.3109375
0 0.34453125 0.61484375 0.109375 0.078125
1 0.26796875 0.2734375 0.171875 0.078125
1 0.278125 0.35546875 0.15625 0.10625
1 0.3046875 0.4390625 0.1640625 0.078125
1 0.32578125 0.38671875 0.1359375 0.0625
1 0.37890625 0.31640625 0.0921875 0.08125
1 0.30546875 0.24296875 0.1234375 0.059375
1 0.32890625 0.53984375 0.1296875 0.0734375
0 0.40859375 0.55703125 0.0671875 0.0796875
0 0.2609375 0.503125 0.0953125 0.078125
0 0.375 0.1765625 0.140625 0.084375
0 0.55234375 0.49140625 0.146875 0.08125
1 0.11796875 0.45546875 0.053125 0.065625
1 0.18203125 0.50859375 0.0234375 0.015625
1 0.16171875 0.2890625 0.021875 0.046875
1 0.14375 0.23515625 0.0125 0.01875
1 0.21328125 0.5265625 0.053125 0.06875
1 0.24765625 0.94140625 0.025 0.0296875