0 0.59140625 0.5421875 0.1640625 0.35625
0 0.490625 0.465625 0.084375 0.128125
0 0.47265625 0.68046875 0.184375 0.1875
0 0.559375 0.16953125 0.06875 0.3
0 0.61640625 0.2625 0.06875 0.2609375
0 0.41328125 0.796875 0.134375 0.0578125
0 0.43125 0.9 0.134375 0.19375
0 0.39296875 0.44375 0.275 0.1875
0 0.29765625 0.44140625 0.10625 0.6265625
0 0.35625 0.54921875 0.075 0.44375
0 0.4328125 0.1671875 0.0765625 0.334375
0 0.50078125 0.18671875 0.071875 0.3328125
0 0.5234375 0.4015625 0.1359375 0.1375
0 0.4671875 0.5609375 0.15625 0.115625