2 0.84609375 0.11796875 0.0421875 0.01875
2 0.66171875 0.3109375 0.040625 0.01875
2 0.7609375 0.6203125 0.0296875 0.0375
2 0.7703125 0.2140625 0.046875 0.0375
2 0.75703125 0.23046875 0.0390625 0.034375
2 0.72109375 0.2328125 0.0625 0.03125
2 0.7203125 0.37734375 0.0546875 0.025
2 0.71875 0.43125 0.0671875 0.0328125
2 0.85703125 0.2140625 0.0609375 0.04375
2 0.7453125 0.15546875 0.046875 0.025
2 0.653125 0.20390625 0.015625 0.021875
2 0.79296875 0.12734375 0.03125 0.034375
2 0.8203125 0.15234375 0.05 0.0265625
2 0.8625 0.1625 0.040625 0.034375
2 0.78515625 0.1046875 0.0328125 0.0265625
2 0.765625 0.31796875 0.0515625 0.046875
2 0.67734375 0.33984375 0.040625 0.01875
2 0.67421875 0.6265625 0.040625 0.053125
2 0.66796875 0.56484375 0.046875 0.040625
2 0.7828125 0.540625 0.0578125 0.028125
2 0.84453125 0.5515625 0.0484375 0.021875
2 0.825 0.49609375 0.046875 0.021875
2 0.83125 0.515625 0.053125 0.0375
2 0.8078125 0.44140625 0.0234375 0.040625
2 0.75078125 0.3875 0.0515625 0.05
2 0.7078125 0.271875 0.0515625 0.0375
2 0.65546875 0.22578125 0.028125 0.0328125
2 0.809375 0.18515625 0.04375 0.0390625
2 0.8125 0.26484375 0.053125 0.040625
2 0.7265625 0.17734375 0.046875 0.028125
2 0.62890625 0.40703125 0.0578125 0.04375
2 0.7140625 0.34453125 0.053125 0.0375
2 0.7921875 0.3484375 0.0578125 0.04375
2 0.6890625 0.52265625 0.0484375 0.0328125
2 0.7203125 0.4765625 0.065625 0.0390625
2 0.68671875 0.49765625 0.0515625 0.040625
2 0.665625 0.275 0.059375 0.059375
2 0.6921875 0.1984375 0.0546875 0.0375
2 0.8046875 0.22578125 0.053125 0.0375
2 0.88125 0.2515625 0.059375 0.0234375
2 0.871875 0.46796875 0.0390625 0.040625
2 0.9140625 0.37265625 0.04375 0.084375
2 0.83984375 0.3984375 0.078125 0.046875
2 0.778125 0.465625 0.028125 0.046875
2 0.753125 0.5734375 0.028125 0.0421875
2 0.63125 0.7234375 0.040625 0.05625
2 0.6328125 0.6796875 0.0265625 0.0265625
2 0.6796875 0.69296875 0.046875 0.05
2 0.6546875 0.7640625 0.0375 0.046875
2 0.7078125 0.8328125 0.059375 0.0375
2 0.88515625 0.884375 0.0828125 0.06875
2 0.8765625 0.7984375 0.0515625 0.0515625
2 0.853125 0.7484375 0.046875 0.0421875
2 0.83359375 0.67265625 0.053125 0.059375
2 0.8078125 0.634375 0.0703125 0.0390625
2 0.80078125 0.6125 0.059375 0.0453125
2 0.7625 0.6875 0.0625 0.0453125
2 0.7234375 0.65078125 0.071875 0.040625
2 0.7171875 0.5796875 0.0546875 0.05
2 0.7546875 0.78515625 0.0609375 0.034375
2 0.759375 0.8140625 0.0484375 0.0609375
2 0.73046875 0.87265625 0.04375 0.0453125
2 0.784375 0.921875 0.06875 0.0171875
2 0.7828125 0.896875 0.046875 0.0453125
2 0.82734375 0.94765625 0.0375 0.040625
2 0.828125 0.88203125 0.040625 0.05
2 0.83984375 0.8203125 0.053125 0.059375
2 0.76875 0.7546875 0.040625 0.0578125
2 0.7296875 0.7296875 0.0328125 0.0515625
2 0.64375 0.621875 0.0296875 0.0375
2 0.64296875 0.50546875 0.04375 0.0421875
2 0.6484375 0.55234375 0.0328125 0.040625
2 0.67109375 0.37109375 0.0421875 0.0671875
2 0.8453125 0.32734375 0.0578125 0.0515625
2 0.840625 0.45859375 0.0515625 0.059375
2 0.7765625 0.4390625 0.0515625 0.046875
2 0.7625 0.5265625 0.084375 0.05625
2 0.6578125 0.4484375 0.05625 0.053125
2 0.6546875 0.58984375 0.0625 0.0375
2 0.8140625 0.76484375 0.059375 0.046875
2 0.8109375 0.68515625 0.0734375 0.05
2 0.77734375 0.70078125 0.1125 0.021875
2 0.81953125 0.72578125 0.090625 0.0359375
2 0.85859375 0.2828125 0.059375 0.053125
2 0.7484375 0.2890625 0.0921875 0.046875