0 0.41484375 0.9171875 0.2921875 0.1625
0 0.36796875 0.76953125 0.1640625 0.19375
0 0.56796875 0.74765625 0.284375 0.153125
0 0.62578125 0.11484375 0.2859375 0.159375
0 0.5625 0.415625 0.18125 0.125
0 0.60703125 0.2546875 0.215625 0.1578125
0 0.5515625 0.5484375 0.240625 0.1453125
0 0.24609375 0.61171875 0.278125 0.125
0 0.3890625 0.53203125 0.128125 0.1015625
0 0.51796875 0.6328125 0.265625 0.1203125
0 0.9 0.921875 0.1375 0.09375
0 0.82734375 0.8859375 0.14375 0.2171875
0 0.640625 0.8890625 0.2234375 0.159375
0 0.26328125 0.9515625 0.0828125 0.096875