2 0.5 0.55859375 0.65 0.2078125
2 0.4015625 0.4578125 0.08046875 0.03671875
2 0.409375 0.909375 0.09140625 0.0328125
2 0.70859375 0.94375 0.0796875 0.1125
2 0.1421875 0.73203125 0.10703125 0.1078125
2 0.2109375 0.61796875 0.03125 0.13203125
2 0.19765625 0.8390625 0.015625 0.08359375
2 0.2640625 0.61953125 0.07890625 0.19453125
2 0.48203125 0.4640625 0.0703125 0.0625
2 0.096875 0.8421875 0.01875 0.0546875
2 0.53203125 0.4375 0.05703125 0.065625
2 0.27109375 0.86171875 0.06953125 0.04453125
2 0.23984375 0.49921875 0.2015625 0.09375
2 0.625 0.47421875 0.09140625 0.053125
2 0.3828125 0.95546875 0.1171875 0.08125
2 0.73359375 0.40390625 0.0890625 0.1078125
2 0.2390625 0.70703125 0.0265625 0.05625
2 0.35859375 0.6453125 0.05 0.20859375
2 0.534375 0.7046875 0.2984375 0.0796875
2 0.90234375 0.61171875 0.02890625 0.1640625
2 0.86015625 0.50703125 0.125 0.0765625
2 0.30390625 0.3609375 0.10546875 0.2265625