0 0.18359375 0.45 0.29765625 0.18359375
0 0.1640625 0.32421875 0.32734375 0.10078125
0 0.16484375 0.3859375 0.32265625 0.1125
0 0.55859375 0.34375 0.3640625 0.11875
0 0.7640625 0.5984375 0.46640625 0.4796875
0 0.7734375 0.67421875 0.32109375 0.60859375
0 0.77265625 0.46953125 0.26640625 0.234375
0 0.5140625 0.64296875 0.16171875 0.16015625
0 0.57734375 0.64609375 0.12890625 0.15625
0 0.1875 0.64140625 0.1671875 0.25546875
0 0.1203125 0.66640625 0.240625 0.3984375
0 0.86328125 0.34296875 0.21796875 0.05546875
0 0.57890625 0.48828125 0.3171875 0.1671875