0 0.15078125 0.6296875 0.1828125 0.3234375
0 0.46953125 0.44375 0.2515625 0.503125
0 0.67109375 0.37578125 0.328125 0.5046875
0 0.271875 0.48203125 0.06875 0.128125
0 0.26484375 0.74296875 0.103125 0.1
0 0.27890625 0.61875 0.1046875 0.15
0 0.796875 0.4140625 0.1 0.265625
0 0.87890625 0.4796875 0.0703125 0.125
0 0.86796875 0.6015625 0.0796875 0.1265625
0 0.8109375 0.56484375 0.0875 0.0828125
0 0.75390625 0.65625 0.16875 0.13125
0 0.515625 0.76875 0.134375 0.175
0 0.384375 0.77421875 0.1265625 0.1734375
0 0.31171875 0.80625 0.125 0.0796875
0 0.61953125 0.8015625 0.096875 0.115625
0 0.63125 0.7 0.0875 0.1109375