1 0.61875 0.246875 0.225 0.228125
1 0.5609375 0.7703125 0.1875 0.1
1 0.6671875 0.49375 0.109375 0.1359375
1 0.7546875 0.521875 0.1171875 0.1140625
1 0.6890625 0.584375 0.04375 0.05625
1 0.559375 0.0734375 0.14375 0.146875
1 0.62578125 0.0953125 0.109375 0.08125
1 0.421875 0.1984375 0.1 0.159375
1 0.4203125 0.62734375 0.175 0.0953125
1 0.18984375 0.365625 0.0703125 0.06875
1 0.378125 0.3578125 0.240625 0.14375
1 0.5703125 0.0328125 0.096875 0.0421875
1 0.2765625 0.47109375 0.128125 0.103125
1 0.40078125 0.496875 0.165625 0.178125
1 0.2796875 0.6109375 0.1140625 0.0625
1 0.62734375 0.6140625 0.159375 0.103125
1 0.74375 0.81171875 0.109375 0.1203125
1 0.4578125 0.83828125 0.1234375 0.090625
1 0.50234375 0.89453125 0.128125 0.115625
1 0.4140625 0.9078125 0.1125 0.140625
1 0.29375 0.7296875 0.078125 0.0765625
1 0.24296875 0.55546875 0.1140625 0.0875
1 0.25078125 0.334375 0.0234375 0.0328125
1 0.3421875 0.23671875 0.1046875 0.1234375
1 0.40390625 0.09375 0.090625 0.0875
1 0.4046875 0.02421875 0.1375 0.0484375
1 0.403125 0.046875 0.09375 0.0484375
1 0.79375 0.690625 0.1125 0.09375
1 0.7953125 0.60546875 0.125 0.115625
1 0.77734375 0.45 0.059375 0.0734375
1 0.5890625 0.84765625 0.1078125 0.1
1 0.75078125 0.09921875 0.0859375 0.109375
1 0.76875 0.35703125 0.084375 0.3125
1 0.69609375 0.9578125 0.084375 0.084375
1 0.48984375 0.959375 0.096875 0.065625
1 0.60546875 0.6859375 0.10625 0.13125
1 0.5203125 0.5171875 0.15625 0.190625
1 0.4015625 0.80390625 0.121875 0.1015625
1 0.528125 0.38671875 0.1390625 0.165625
1 0.48359375 0.25859375 0.1171875 0.1
1 0.5328125 0.18046875 0.1421875 0.125
1 0.95546875 0.87421875 0.0890625 0.1375
1 0.97109375 0.71171875 0.0578125 0.05
1 0.98984375 0.77734375 0.0203125 0.034375
1 0.903125 0.23984375 0.021875 0.025