0 0.35625 0.66171875 0.090625 0.153125
0 0.7953125 0.58515625 0.4046875 0.121875
0 0.59609375 0.39375 0.109375 0.0859375
0 0.5765625 0.2046875 0.1 0.15
0 0.465625 0.0625 0.1359375 0.11875
0 0.49375 0.71328125 0.146875 0.175
0 0.38203125 0.4453125 0.1734375 0.221875
0 0.62890625 0.3640625 0.1375 0.125
0 0.58984375 0.49375 0.0921875 0.0546875
0 0.61640625 0.59921875 0.1046875 0.0609375
0 0.56328125 0.73125 0.05625 0.09375
0 0.4734375 0.8453125 0.1296875 0.090625
0 0.42421875 0.24921875 0.20625 0.165625
0 0.5140625 0.1953125 0.271875 0.33125
0 0.49296875 0.55625 0.228125 0.215625
0 0.65390625 0.48515625 0.096875 0.109375
0 0.48515625 0.42109375 0.1875 0.196875
0 0.40078125 0.88203125 0.159375 0.184375
0 0.4515625 0.959375 0.096875 0.08125