0 0.52265625 0.77734375 0.246875 0.1859375
0 0.17265625 0.6640625 0.08125 0.1
0 0.34375 0.77578125 0.2796875 0.2296875
0 0.109375 0.60078125 0.14375 0.103125
0 0.4953125 0.19453125 0.5359375 0.3796875
0 0.31796875 0.621875 0.0875 0.121875
0 0.13125 0.840625 0.1171875 0.234375
0 0.196875 0.459375 0.2296875 0.15
0 0.853125 0.4078125 0.2171875 0.23125
0 0.2421875 0.1265625 0.084375 0.1984375
0 0.19375 0.840625 0.21875 0.23125
0 0.5078125 0.9171875 0.1375 0.103125
0 0.4578125 0.5234375 0.325 0.090625
0 0.6984375 0.4125 0.178125 0.1375
0 0.128125 0.190625 0.153125 0.38125
0 0.51328125 0.3796875 0.2328125 0.25
0 0.90546875 0.728125 0.1171875 0.0359375
0 0.82578125 0.72421875 0.078125 0.0734375
0 0.721875 0.71953125 0.125 0.065625
0 0.73359375 0.78359375 0.140625 0.0953125
0 0.45390625 0.6203125 0.1734375 0.1390625
0 0.9046875 0.603125 0.190625 0.153125