2 0.240625 0.66953125 0.0515625 0.1203125
2 0.228125 0.4953125 0.065625 0.109375
2 0.33515625 0.4109375 0.025 0.065625
2 0.24921875 0.57265625 0.0625 0.0875
2 0.31171875 0.525 0.03125 0.0953125
2 0.22109375 0.60546875 0.065625 0.10625
2 0.384375 0.33515625 0.05625 0.0828125
2 0.19765625 0.6515625 0.040625 0.090625
2 0.31171875 0.78671875 0.0796875 0.2578125
2 0.29375 0.421875 0.034375 0.0875
2 0.40546875 0.83984375 0.096875 0.190625
2 0.6546875 0.23203125 0.128125 0.2
2 0.45 0.5265625 0.4234375 0.646875
2 0.46875 0.253125 0.209375 0.23125