0 0.55078125 0.51796875 0.071875 0.13125
0 0.10234375 0.375 0.2046875 0.278125
0 0.09375 0.71875 0.1875 0.2625
0 0.53046875 0.96484375 0.0703125 0.0671875
0 0.5515625 0.85234375 0.0515625 0.05625
0 0.58125 0.89453125 0.046875 0.0453125
0 0.575 0.98046875 0.034375 0.0390625
0 0.50390625 0.2359375 0.1296875 0.19375
0 0.4203125 0.2015625 0.15 0.171875
0 0.3984375 0.3234375 0.084375 0.0671875
0 0.43828125 0.35234375 0.09375 0.0875
0 0.409375 0.4671875 0.1328125 0.146875
0 0.4375 0.53203125 0.0875 0.0609375
0 0.46484375 0.55625 0.0609375 0.0359375
0 0.496875 0.46796875 0.040625 0.153125
0 0.5 0.3609375 0.0375 0.065625
0 0.4359375 0.67734375 0.096875 0.1
0 0.50078125 0.60859375 0.065625 0.1453125
0 0.5484375 0.39453125 0.071875 0.0765625
0 0.559375 0.3296875 0.0375 0.046875
0 0.56875 0.2765625 0.028125 0.053125
0 0.53125 0.1046875 0.0734375 0.0796875
0 0.5875 0.1671875 0.040625 0.096875
0 0.59296875 0.48203125 0.01875 0.0421875
0 0.58984375 0.4203125 0.01875 0.01875
0 0.58828125 0.78984375 0.01875 0.025
0 0.6078125 0.771875 0.034375 0.021875
0 0.54765625 0.62890625 0.046875 0.15
0 0.56484375 0.040625 0.0625 0.0625
0 0.58515625 0.1 0.0359375 0.0546875