0 0.15234375 0.46875 0.08828125 0.1125
0 0.3890625 0.51875 0.0734375 0.08515625
0 0.49453125 0.51484375 0.1046875 0.1328125
0 0.53515625 0.55703125 0.0890625 0.08515625
0 0.63515625 0.56171875 0.1046875 0.09453125
0 0.70390625 0.525 0.10703125 0.09765625
0 0.77890625 0.52421875 0.0578125 0.09921875
0 0.01484375 0.4640625 0.0296875 0.1265625
0 0.08203125 0.48359375 0.11796875 0.10546875
0 0.20625 0.5046875 0.10234375 0.0640625
0 0.91171875 0.52890625 0.1765625 0.0578125
0 0.68515625 0.471875 0.18984375 0.05
0 0.590625 0.46328125 0.08515625 0.0578125
0 0.74765625 0.43125 0.0578125 0.03515625
0 0.86171875 0.44375 0.05546875 0.03828125
0 0.81875 0.44375 0.03828125 0.02890625
0 0.59765625 0.40859375 0.040625 0.01796875
0 0.6390625 0.40546875 0.0375 0.0140625
0 0.65546875 0.42890625 0.02890625 0.02734375
0 0.6234375 0.4296875 0.040625 0.02109375
0 0.703125 0.42421875 0.03203125 0.025
0 0.5109375 0.43984375 0.03828125 0.02734375
0 0.3625 0.43984375 0.07578125 0.04375
0 0.28671875 0.43203125 0.053125 0.02890625
0 0.2328125 0.42109375 0.02890625 0.01328125
0 0.21875 0.40703125 0.0296875 0.02421875
0 0.2859375 0.39609375 0.04921875 0.0375
0 0.3296875 0.40546875 0.0390625 0.0328125
0 0.365625 0.40546875 0.0390625 0.02578125
0 0.4296875 0.409375 0.03671875 0.04609375
0 0.44765625 0.41171875 0.03515625 0.0390625
0 0.48984375 0.40703125 0.040625 0.03671875
0 0.52265625 0.4 0.05078125 0.03984375
0 0.56015625 0.41875 0.04140625 0.0328125
0 0.08671875 0.41015625 0.08671875 0.0328125