0 0.40859375 0.5421875 0.1640625 0.35625
0 0.509375 0.465625 0.084375 0.128125
0 0.52734375 0.68046875 0.184375 0.1875
0 0.440625 0.16953125 0.06875 0.3
0 0.38359375 0.2625 0.06875 0.2609375
0 0.58671875 0.796875 0.134375 0.0578125
0 0.56875 0.9 0.134375 0.19375
0 0.60703125 0.44375 0.275 0.1875
0 0.70234375 0.44140625 0.10625 0.6265625
0 0.64375 0.54921875 0.075 0.44375
0 0.5671875 0.1671875 0.0765625 0.334375
0 0.49921875 0.18671875 0.071875 0.3328125
0 0.4765625 0.4015625 0.1359375 0.1375
0 0.5328125 0.5609375 0.15625 0.115625