0 0.47421875 0.40234375 0.24140625 0.134375
0 0.56796875 0.6453125 0.24453125 0.16328125
0 0.3296875 0.640625 0.40234375 0.24375
0 0.1703125 0.20078125 0.26484375 0.2328125
0 0.2265625 0.45078125 0.25078125 0.1375
0 0.6703125 0.50390625 0.1875 0.07421875
0 0.12109375 0.59765625 0.196875 0.04765625
3 0.06953125 0.1265625 0.1390625 0.11171875
3 0.8265625 0.153125 0.33671875 0.2984375
0 0.5421875 0.3203125 0.06484375 0.05625
0 0.57109375 0.52578125 0.08984375 0.11796875
3 0.46796875 0.12265625 0.2 0.16796875
0 0.10078125 0.53828125 0.08671875 0.07109375
0 0.7125 0.60390625 0.09296875 0.02890625
0 0.47265625 0.35859375 0.11875 0.05546875
0 0.17578125 0.68203125 0.04453125 0.12734375
0 0.04375 0.4203125 0.0875 0.0625
0 0.83671875 0.478125 0.3265625 0.05
0 0.740625 0.36171875 0.08046875 0.07578125
0 0.0453125 0.390625 0.05703125 0.0125
0 0.659375 0.55859375 0.0328125 0.09140625
0 0.675 0.41328125 0.17734375 0.07265625
0 0.76171875 0.66171875 0.14375 0.0890625