2 0.53671875 0.3421875 0.1421875 0.15625
2 0.4125 0.55390625 0.16875 0.175
2 0.34453125 0.52734375 0.075 0.10625
2 0.6734375 0.409375 0.065625 0.11875
2 0.5671875 0.56484375 0.14375 0.153125
2 0.8125 0.5140625 0.125 0.10625
2 0.65 0.2984375 0.1125 0.140625
2 0.44453125 0.44296875 0.1609375 0.134375
2 0.3640625 0.63984375 0.14375 0.140625
2 0.4265625 0.5671875 0.18125 0.2078125
2 0.70234375 0.50703125 0.11875 0.184375
2 0.23671875 0.72109375 0.0625 0.090625
2 0.31796875 0.69296875 0.1234375 0.134375
2 0.90859375 0.73671875 0.128125 0.15
2 0.92109375 0.49921875 0.1515625 0.084375