0 0.659375 0.090625 0.328125 0.18125
0 0.73046875 0.38515625 0.49375 0.45625
0 0.18046875 0.765625 0.2453125 0.4578125
0 0.38203125 0.1375 0.303125 0.275
0 0.36796875 0.471875 0.1234375 0.378125
0 0.45234375 0.3640625 0.0796875 0.1984375
0 0.38359375 0.63828125 0.11875 0.2515625
0 0.2453125 0.50234375 0.203125 0.35
0 0.2015625 0.0890625 0.115625 0.171875
0 0.0515625 0.43671875 0.0703125 0.178125
0 0.03671875 0.28046875 0.0734375 0.53125
0 0.0390625 0.57890625 0.071875 0.128125
0 0.575 0.66953125 0.040625 0.134375