0 0.4484375 0.5484375 0.25390625 0.21953125
0 0.3453125 0.32265625 0.25625 0.309375
0 0.41640625 0.75546875 0.3640625 0.2328125
0 0.58359375 0.2171875 0.290625 0.3140625
0 0.72265625 0.4875 0.1390625 0.140625
0 0.765625 0.37421875 0.1953125 0.1234375
0 0.921875 0.22578125 0.14921875 0.16328125
0 0.94921875 0.0578125 0.078125 0.0578125
0 0.94921875 0.125 0.1015625 0.071875
0 0.30390625 0.0875 0.06015625 0.07734375
0 0.578125 0.403125 0.1296875 0.2484375
0 0.64609375 0.54765625 0.1671875 0.21953125
0 0.53671875 0.79140625 0.3734375 0.2984375