2 0.671875 0.275 0.0625 0.090625
2 0.36796875 0.5578125 0.0984375 0.05
2 0.3671875 0.5953125 0.09375 0.034375
2 0.6078125 0.275 0.0453125 0.0625
2 0.50078125 0.4015625 0.109375 0.16875
2 0.5515625 0.384375 0.034375 0.071875
2 0.5640625 0.5828125 0.090625 0.0734375
2 0.79140625 0.34921875 0.05 0.0984375
2 0.21171875 0.453125 0.071875 0.028125
2 0.7140625 0.28671875 0.05 0.125
2 0.44765625 0.6 0.04375 0.01875
2 0.740625 0.19453125 0.06875 0.121875
2 0.2171875 0.390625 0.0390625 0.0875
2 0.34140625 0.51640625 0.0515625 0.05625
2 0.4484375 0.50078125 0.01875 0.028125
2 0.4265625 0.28203125 0.071875 0.0984375
2 0.56875 0.61953125 0.1015625 0.0328125
2 0.58515625 0.37890625 0.040625 0.05
2 0.07265625 0.49609375 0.1453125 0.075
2 0.74609375 0.44296875 0.0546875 0.065625
2 0.82421875 0.178125 0.103125 0.1484375
2 0.378125 0.6375 0.0296875 0.059375
2 0.6390625 0.46953125 0.015625 0.028125
2 0.47734375 0.63359375 0.01875 0.0828125
2 0.82265625 0.2609375 0.0625 0.0640625
2 0.55 0.425 0.01875 0.03125
2 0.2 0.47421875 0.04375 0.021875
2 0.57265625 0.50234375 0.01875 0.053125
2 0.3640625 0.32109375 0.071875 0.075
2 0.60625 0.3328125 0.0609375 0.0375
2 0.26953125 0.46484375 0.0125 0.01875
2 0.31875 0.47265625 0.028125 0.0578125
2 0.27421875 0.4515625 0.0140625 0.021875
2 0.6828125 0.32421875 0.059375 0.0484375
2 0.23125 0.55 0.0125 0.04375
2 0.62578125 0.453125 0.065625 0.075
2 0.52265625 0.51484375 0.04375 0.034375
2 0.22109375 0.50859375 0.0359375 0.040625
2 0.69375 0.42265625 0.025 0.028125
2 0.29453125 0.428125 0.05 0.040625
2 0.7046875 0.534375 0.0546875 0.09375
2 0.3953125 0.50078125 0.05 0.0796875
2 0.60859375 0.56171875 0.015625 0.028125
2 0.74765625 0.2765625 0.021875 0.034375
2 0.2484375 0.44921875 0.0203125 0.046875
2 0.0203125 0.52421875 0.0375 0.025
2 0.3453125 0.3671875 0.01875 0.03125
2 0.7734375 0.384375 0.015625 0.021875
2 0.18046875 0.42578125 0.025 0.028125
2 0.703125 0.390625 0.05625 0.05625
2 0.6578125 0.38515625 0.059375 0.084375
2 0.6859375 0.44765625 0.05 0.0546875
2 0.6359375 0.5625 0.053125 0.0546875
2 0.50625 0.59296875 0.078125 0.140625
2 0.29453125 0.56328125 0.046875 0.05625
2 0.25703125 0.47265625 0.059375 0.121875
2 0.20078125 0.4171875 0.0609375 0.078125
2 0.41796875 0.39609375 0.0625 0.084375
2 0.3765625 0.428125 0.04375 0.059375
2 0.40859375 0.55390625 0.096875 0.0578125
2 0.43359375 0.50078125 0.084375 0.121875
2 0.57421875 0.2890625 0.040625 0.05625
2 0.5296875 0.3078125 0.059375 0.1015625
2 0.47265625 0.26640625 0.071875 0.0578125
2 0.69140625 0.1921875 0.0515625 0.0859375