0 0.590625 0.28671875 0.18125 0.39375
0 0.82421875 0.41328125 0.296875 0.31875
1 0.3875 0.625 0.075 0.1125
1 0.4546875 0.5765625 0.015625 0.0578125
1 0.475 0.55 0.028125 0.0609375
1 0.4359375 0.5796875 0.015625 0.059375
1 0.46796875 0.5953125 0.028125 0.05
1 0.35546875 0.55078125 0.06875 0.028125
1 0.39140625 0.51640625 0.053125 0.084375
1 0.4765625 0.4734375 0.15 0.165625
0 0.321875 0.40234375 0.271875 0.1375
0 0.4328125 0.32109375 0.1859375 0.18125
0 0.47109375 0.1734375 0.134375 0.16875
0 0.65390625 0.33359375 0.14375 0.33125
1 0.33515625 0.94921875 0.1125 0.1
1 0.6453125 0.87890625 0.0890625 0.0625
1 0.165625 0.69765625 0.0296875 0.0109375
1 0.76953125 0.62890625 0.053125 0.05625
1 0.5671875 0.51953125 0.025 0.021875