2 0.44921875 0.50859375 0.171875 0.23125
2 0.44375 0.284375 0.3875 0.2015625
2 0.371875 0.06328125 0.1140625 0.11875
2 0.5984375 0.8640625 0.2296875 0.25625
2 0.44609375 0.83984375 0.13125 0.3171875
2 0.44375 0.71953125 0.04375 0.1203125
2 0.30390625 0.43203125 0.1375 0.1625
2 0.55703125 0.146875 0.0390625 0.175
2 0.25234375 0.46875 0.0578125 0.1328125
2 0.61171875 0.6046875 0.0765625 0.11875
2 0.303125 0.7078125 0.04375 0.109375
2 0.29609375 0.31953125 0.1640625 0.0609375
2 0.75703125 0.66015625 0.271875 0.0765625
2 0.74375 0.35625 0.253125 0.20625
2 0.3796875 0.18671875 0.0421875 0.103125
2 0.3609375 0.8265625 0.084375 0.06875
2 0.290625 0.815625 0.0265625 0.1625
2 0.46328125 0.18515625 0.0859375 0.1046875
2 0.61484375 0.746875 0.1453125 0.1125
2 0.98125 0.9140625 0.0359375 0.1265625
2 0.93359375 0.5515625 0.1296875 0.04375
2 0.95546875 0.815625 0.04375 0.090625
2 0.2109375 0.22421875 0.0703125 0.0828125
2 0.8546875 0.715625 0.0921875 0.2078125
2 0.534375 0.0671875 0.04375 0.05
2 0.26015625 0.803125 0.028125 0.078125
2 0.3328125 0.93984375 0.0484375 0.10625
2 0.31640625 0.59921875 0.159375 0.1
2 0.49921875 0.52734375 0.3109375 0.1015625
2 0.5515625 0.665625 0.1671875 0.096875