1 0.509375 0.53515625 0.1453125 0.165625
1 0.7109375 0.478125 0.2328125 0.1203125
1 0.53671875 0.4078125 0.109375 0.109375
1 0.509375 0.53515625 0.1453125 0.165625
1 0.7109375 0.478125 0.2328125 0.1203125
1 0.53671875 0.4078125 0.109375 0.109375
1 0.3890625 0.15703125 0.09375 0.121875
1 0.33359375 0.2515625 0.0625 0.046875
1 0.3671875 0.28359375 0.03125 0.0375
1 0.40234375 0.21875 0.0515625 0.0609375
1 0.46875 0.22421875 0.034375 0.046875
1 0.51875 0.2578125 0.0328125 0.0125
1 0.29453125 0.665625 0.04375 0.05
1 0.34140625 0.75078125 0.04375 0.0734375
1 0.27890625 0.80390625 0.05 0.0734375
1 0.2109375 0.93359375 0.046875 0.05625
1 0.36171875 0.91484375 0.05 0.0390625
1 0.371875 0.86171875 0.0125 0.053125
1 0.3875 0.81796875 0.0515625 0.0859375
1 0.44921875 0.74609375 0.16875 0.096875
1 0.440625 0.8015625 0.025 0.0359375
1 0.29765625 0.75234375 0.0296875 0.0296875
1 0.1609375 0.28671875 0.028125 0.05
1 0.26640625 0.48828125 0.125 0.1625
1 0.31171875 0.41484375 0.125 0.1625
1 0.365625 0.39375 0.040625 0.03125
1 0.409375 0.3546875 0.165625 0.146875
1 0.41953125 0.2765625 0.040625 0.040625
1 0.51640625 0.3125 0.084375 0.1
1 0.5765625 0.3265625 0.0328125 0.059375
1 0.625 0.38359375 0.04375 0.053125
1 0.7625 0.61015625 0.065625 0.0296875
1 0.75546875 0.56953125 0.04375 0.053125
1 0.76640625 0.71328125 0.06875 0.0421875
1 0.75390625 0.6390625 0.0375 0.01875
1 0.78515625 0.4125 0.046875 0.0359375
1 0.61875 0.26796875 0.025 0.05
1 0.35859375 0.665625 0.05625 0.053125
1 0.3796875 0.559375 0.128125 0.1125
1 0.39375 0.45546875 0.04375 0.0609375
1 0.43515625 0.6171875 0.103125 0.040625