1 0.603125 0.4015625 0.1234375 0.109375
1 0.2921875 0.4765625 0.0859375 0.065625
1 0.475 0.46640625 0.0828125 0.040625
1 0.61171875 0.48671875 0.1765625 0.078125
1 0.6515625 0.5625 0.07734375 0.0546875
1 0.428125 0.753125 0.0578125 0.0859375
1 0.34296875 0.70078125 0.05234375 0.08203125
1 0.3828125 0.590625 0.0890625 0.0765625
1 0.35546875 0.50234375 0.17578125 0.09296875
1 0.265625 0.63359375 0.090625 0.06640625
1 0.58125 0.36171875 0.07734375 0.059375
1 0.46015625 0.428125 0.1171875 0.03984375
1 0.36328125 0.45078125 0.02734375 0.0234375
1 0.45703125 0.57265625 0.03359375 0.05390625
1 0.38515625 0.790625 0.04453125 0.04140625
1 0.56328125 0.6828125 0.090625 0.096875
1 0.4359375 0.63203125 0.06484375 0.1
1 0.54375 0.59765625 0.08125 0.0890625
1 0.28828125 0.5375 0.1125 0.0703125
1 0.26640625 0.596875 0.07890625 0.05546875
1 0.33984375 0.65 0.0671875 0.03671875
1 0.49609375 0.6796875 0.0265625 0.0890625
1 0.4078125 0.57109375 0.05390625 0.0625
1 0.334375 0.58125 0.05625 0.0390625
1 0.478125 0.6109375 0.03359375 0.10078125
1 0.4890625 0.49375 0.0640625 0.04765625
1 0.3171875 0.77109375 0.10546875 0.0578125
1 0.38125 0.68203125 0.03984375 0.03203125
1 0.50859375 0.6796875 0.0203125 0.08515625
1 0.325 0.6125 0.04921875 0.0484375
1 0.509375 0.61484375 0.02890625 0.0578125
1 0.63359375 0.37421875 0.05625 0.04140625
1 0.596875 0.64765625 0.20078125 0.25234375
1 0.2921875 0.7296875 0.14921875 0.11484375