0 0.13046875 0.72109375 0.22578125 0.1671875
0 0.66015625 0.71484375 0.2484375 0.21796875
0 0.33046875 0.66796875 0.16953125 0.18515625
0 0.425 0.51796875 0.11171875 0.18671875
0 0.49921875 0.7390625 0.10546875 0.2046875
0 0.553125 0.51328125 0.09921875 0.18984375
0 0.61171875 0.5671875 0.103125 0.07578125
0 0.61171875 0.509375 0.071875 0.0796875
0 0.403125 0.6140625 0.08203125 0.1078125
0 0.771875 0.62578125 0.0734375 0.27578125
1 0.8546875 0.54609375 0.03828125 0.034375
1 0.8921875 0.46796875 0.02109375 0.01328125
1 0.9328125 0.45390625 0.01640625 0.01171875
1 0.89921875 0.20703125 0.02265625 0.0328125
1 0.840625 0.19375 0.0671875 0.0625
1 0.8796875 0.21015625 0.02578125 0.0328125
1 0.83125 0.22578125 0.02890625 0.03828125
1 0.80078125 0.20234375 0.0296875 0.03828125
1 0.80390625 0.23203125 0.04453125 0.04140625
1 0.78125 0.1953125 0.01484375 0.0296875
1 0.77109375 0.2359375 0.01484375 0.04140625