0 0.659375 0.909375 0.32734375 0.18046875
0 0.73046875 0.61484375 0.49375 0.45546875
0 0.18046875 0.234375 0.2453125 0.4578125
0 0.38203125 0.8625 0.30234375 0.275
0 0.36796875 0.528125 0.12265625 0.37890625
0 0.45234375 0.6359375 0.0796875 0.1984375
0 0.38359375 0.36171875 0.11796875 0.2515625
0 0.2453125 0.49765625 0.203125 0.35
0 0.2015625 0.9109375 0.11484375 0.17109375
0 0.0515625 0.56328125 0.06953125 0.178125
0 0.03671875 0.71953125 0.0734375 0.53046875
0 0.0390625 0.42109375 0.07109375 0.12734375
0 0.575 0.33046875 0.03984375 0.13359375