2 0.725 0.671875 0.090625 0.0625
2 0.4421875 0.36796875 0.05 0.0984375
2 0.4046875 0.3671875 0.034375 0.09375
2 0.725 0.6078125 0.0625 0.0453125
2 0.5984375 0.50078125 0.16875 0.109375
2 0.615625 0.5515625 0.071875 0.034375
2 0.4171875 0.5640625 0.0734375 0.090625
2 0.65078125 0.79140625 0.0984375 0.05
2 0.546875 0.21171875 0.028125 0.071875
2 0.71328125 0.7140625 0.125 0.05
2 0.4 0.44765625 0.01875 0.04375
2 0.80546875 0.740625 0.121875 0.0703125
2 0.609375 0.2171875 0.0875 0.0390625
2 0.48359375 0.34140625 0.05625 0.0515625
2 0.49921875 0.4484375 0.028125 0.01875
2 0.71796875 0.4265625 0.0984375 0.071875
2 0.38046875 0.56875 0.0328125 0.1015625
2 0.62109375 0.58515625 0.05 0.040625
2 0.50390625 0.07265625 0.075 0.1453125
2 0.55703125 0.74609375 0.065625 0.0546875
2 0.821875 0.82421875 0.1484375 0.1046875
2 0.3625 0.378125 0.059375 0.0296875
2 0.53046875 0.6390625 0.028125 0.015625
2 0.36640625 0.47734375 0.0828125 0.01875
2 0.7390625 0.82265625 0.0640625 0.0625
2 0.575 0.55 0.03125 0.01875
2 0.52578125 0.2 0.021875 0.04375
2 0.49765625 0.57265625 0.053125 0.01875
2 0.67890625 0.3640625 0.075 0.071875
2 0.6671875 0.60625 0.0375 0.0609375
2 0.53515625 0.26953125 0.01875 0.0125
2 0.52734375 0.31875 0.0578125 0.028125
2 0.5484375 0.27421875 0.021875 0.0140625
2 0.67578125 0.6828125 0.0484375 0.059375
2 0.45 0.23125 0.04375 0.0125
2 0.546875 0.62578125 0.075 0.065625
2 0.48515625 0.52265625 0.034375 0.04375
2 0.49140625 0.22109375 0.040625 0.0359375
2 0.57734375 0.69375 0.028125 0.025
2 0.571875 0.29453125 0.040625 0.05
2 0.465625 0.7046875 0.09375 0.0546875
2 0.49921875 0.3953125 0.0796875 0.05
2 0.43828125 0.60859375 0.028125 0.015625
2 0.7234375 0.74765625 0.034375 0.021875
2 0.55078125 0.2484375 0.046875 0.0203125
2 0.47578125 0.0203125 0.025 0.0375
2 0.6328125 0.3453125 0.03125 0.01875
2 0.615625 0.7734375 0.021875 0.015625
2 0.57421875 0.18046875 0.028125 0.025
2 0.609375 0.703125 0.05625 0.05625
2 0.61484375 0.6578125 0.084375 0.059375
2 0.55234375 0.6859375 0.0546875 0.05
2 0.4375 0.6359375 0.0546875 0.053125
2 0.40703125 0.50625 0.140625 0.078125
2 0.43671875 0.29453125 0.05625 0.046875
2 0.52734375 0.25703125 0.121875 0.059375
2 0.5828125 0.20078125 0.078125 0.0609375
2 0.60390625 0.41796875 0.084375 0.0625
2 0.571875 0.3765625 0.059375 0.04375
2 0.44609375 0.40859375 0.0578125 0.096875
2 0.49921875 0.43359375 0.121875 0.084375
2 0.7109375 0.57421875 0.05625 0.040625
2 0.6921875 0.5296875 0.1015625 0.059375
2 0.73359375 0.47265625 0.0578125 0.071875
2 0.8078125 0.69140625 0.0859375 0.0515625