0 0.62265625 0.45703125 0.275 0.1296875
0 0.6484375 0.59609375 0.090625 0.16875
0 0.5578125 0.30546875 0.125 0.103125
0 0.77578125 0.20546875 0.1625 0.096875
0 0.92890625 0.4078125 0.109375 0.04375
0 0.87421875 0.28515625 0.08125 0.190625
0 0.6375 0.67421875 0.2625 0.040625
0 0.72265625 0.6140625 0.0890625 0.128125
0 0.68828125 0.36796875 0.1640625 0.059375
0 0.36875 0.30703125 0.3671875 0.0875
0 0.4140625 0.41484375 0.421875 0.171875
0 0.134375 0.440625 0.128125 0.0625
1 0.425 0.86875 0.0625 0.078125
1 0.4 0.7875 0.0328125 0.0375