2 0.25 0.9125 0.23125 0.175
2 0.81484375 0.53984375 0.146875 0.1
2 0.11171875 0.54921875 0.2234375 0.15
2 0.4921875 0.51171875 0.046875 0.1171875
2 0.60546875 0.13046875 0.19375 0.2421875
2 0.3125 0.428125 0.0796875 0.1296875
2 0.79765625 0.59921875 0.1921875 0.0453125
2 0.178125 0.23046875 0.1921875 0.175
2 0.484375 0.759375 0.1421875 0.115625
2 0.7171875 0.75 0.059375 0.09375
2 0.7546875 0.371875 0.18125 0.11875
2 0.4453125 0.60703125 0.065625 0.084375
2 0.6953125 0.140625 0.040625 0.140625
2 0.28984375 0.703125 0.028125 0.165625
2 0.8203125 0.36796875 0.071875 0.0890625
2 0.63984375 0.2796875 0.221875 0.1703125
2 0.9078125 0.69921875 0.18125 0.1078125
2 0.48828125 0.90078125 0.090625 0.184375
2 0.7484375 0.246875 0.1125 0.06875
2 0.2609375 0.753125 0.053125 0.1484375
2 0.6296875 0.96953125 0.03125 0.059375
2 0.42734375 0.39453125 0.0359375 0.0703125
2 0.625 0.88515625 0.046875 0.05625
2 0.184375 0.521875 0.04375 0.0703125
2 0.1953125 0.41171875 0.0625 0.090625
2 0.56796875 0.38359375 0.0765625 0.0828125
2 0.32109375 0.98515625 0.040625 0.0296875
2 0.07421875 0.3109375 0.08125 0.053125
2 0.63984375 0.053125 0.0390625 0.10625
2 0.71796875 0.825 0.071875 0.015625
2 0.83046875 0.81484375 0.084375 0.1078125
2 0.36640625 0.92734375 0.078125 0.009375
2 0.240625 0.06171875 0.1125 0.1171875
2 0.23046875 0.28359375 0.1 0.078125
2 0.85859375 0.59609375 0.096875 0.103125
2 0.8125 0.415625 0.3046875 0.025
2 0.3140625 0.534375 0.0765625 0.0375
2 0.0875 0.3609375 0.1703125 0.03125
1 0.65859375 0.70546875 0.015625 0.009375
1 0.546875 0.8484375 0.03125 0.015625
2 0.38125 0.29375 0.1109375 0.071875
2 0.75078125 0.84296875 0.021875 0.040625
2 0.603125 0.6796875 0.05625 0.0125
1 0.64765625 0.7125 0.0125 0.0125
1 0.509375 0.91015625 0.025 0.015625
1 0.54453125 0.76484375 0.0171875 0.0125
2 0.54453125 0.95546875 0.0515625 0.009375
2 0.58359375 0.48203125 0.034375 0.025
1 0.4078125 0.64140625 0.028125 0.028125
1 0.6640625 0.875 0.009375 0.0109375
2 0.5984375 0.64609375 0.0484375 0.0203125
2 0.26953125 0.94765625 0.059375 0.040625
2 0.3390625 0.1609375 0.053125 0.071875
2 0.4078125 0.940625 0.03125 0.021875