0 0.79140625 0.66328125 0.175 0.1875
0 0.2015625 0.63984375 0.2984375 0.1078125
0 0.778125 0.85 0.1765625 0.3
0 0.78515625 0.525 0.14921875 0.10703125
0 0.5546875 0.4 0.0359375 0.12890625
0 0.60078125 0.478125 0.03359375 0.278125
0 0.621875 0.48671875 0.0359375 0.2265625
0 0.66015625 0.48359375 0.04375 0.23671875
0 0.3859375 0.56875 0.16953125 0.1390625
0 0.75 0.91328125 0.259375 0.17265625
0 0.615625 0.79609375 0.13984375 0.1765625
0 0.621875 0.665625 0.29921875 0.53046875
0 0.9734375 0.578125 0.05234375 0.203125