0 0.37421875 0.39296875 0.32890625 0.2078125
0 0.80390625 0.896875 0.378125 0.20390625
0 0.415625 0.15859375 0.103125 0.0953125
0 0.33359375 0.71484375 0.2265625 0.25546875
0 0.35 0.86484375 0.12109375 0.12578125
0 0.78203125 0.6265625 0.27734375 0.25703125
0 0.1421875 0.69765625 0.284375 0.5859375
0 0.4640625 0.2859375 0.10859375 0.08203125
0 0.65625 0.42578125 0.103125 0.3359375
0 0.7625 0.4546875 0.12421875 0.30390625
0 0.53671875 0.23515625 0.12890625 0.1453125
0 0.54140625 0.84921875 0.2328125 0.3015625
0 0.61875 0.17109375 0.1515625 0.21953125
0 0.71015625 0.2109375 0.11015625 0.2
0 0.7859375 0.321875 0.059375 0.32578125
0 0.86953125 0.50625 0.115625 0.04296875
0 0.8296875 0.37734375 0.121875 0.16171875
0 0.5171875 0.67890625 0.20078125 0.1140625
0 0.2984375 0.2765625 0.209375 0.19375