0 0.8171875 0.5625 0.18125 0.2265625
0 0.6296875 0.08671875 0.3 0.1625
0 0.71015625 0.8203125 0.2109375 0.359375
0 0.521875 0.75078125 0.3078125 0.3125
0 0.48984375 0.3421875 0.2 0.1
0 0.52890625 0.2515625 0.103125 0.1484375
0 0.6296875 0.2171875 0.109375 0.059375
0 0.64375 0.29296875 0.1171875 0.0765625
0 0.71953125 0.2375 0.1265625 0.1234375
0 0.82265625 0.24921875 0.153125 0.1234375
0 0.82265625 0.3953125 0.159375 0.165625
0 0.71171875 0.3734375 0.1140625 0.103125
0 0.696875 0.46484375 0.196875 0.1
0 0.6484375 0.52734375 0.1609375 0.1484375
0 0.52421875 0.53203125 0.1859375 0.109375
0 0.52421875 0.4359375 0.1265625 0.090625