0 0.61875 0.86015625 0.190625 0.0625
1 0.746875 0.6953125 0.1703125 0.1765625
0 0.4453125 0.61953125 0.1734375 0.071875
1 0.69921875 0.2203125 0.184375 0.18125
0 0.42265625 0.51875 0.2390625 0.065625
1 0.28828125 0.459375 0.04375 0.053125
0 0.57890625 0.7453125 0.290625 0.115625
0 0.88359375 0.95546875 0.053125 0.078125
0 0.8875 0.896875 0.040625 0.090625
0 0.396875 0.56796875 0.140625 0.059375
1 0.4703125 0.1421875 0.240625 0.059375
1 0.3578125 0.103125 0.06875 0.0359375
1 0.66328125 0.10546875 0.053125 0.040625
1 0.69609375 0.33046875 0.1203125 0.078125
1 0.6609375 0.50859375 0.0203125 0.040625