2 0.6234375 0.6875 0.325 0.175
2 0.46796875 0.546875 0.228125 0.115625
2 0.80390625 0.465625 0.3875 0.634375
2 0.8875 0.2015625 0.2125 0.28125
2 0.475 0.0984375 0.34375 0.1375
2 0.375 0.26796875 0.265625 0.121875
2 0.65390625 0.2328125 0.25 0.1625
2 0.20234375 0.46484375 0.221875 0.1
2 0.17109375 0.60703125 0.315625 0.184375
2 0.38046875 0.64921875 0.1875 0.1203125
2 0.35859375 0.5046875 0.1640625 0.1125
2 0.1140625 0.04375 0.1671875 0.075
2 0.66640625 0.05859375 0.153125 0.103125
2 0.1515625 0.13046875 0.209375 0.103125