0 0.353125 0.68828125 0.1546875 0.1921875
0 0.4203125 0.43984375 0.2328125 0.20625
0 0.46953125 0.83515625 0.19375 0.128125
0 0.64453125 0.77265625 0.1875 0.2
0 0.21328125 0.5140625 0.090625 0.1125
0 0.2703125 0.52890625 0.125 0.1375
0 0.1765625 0.6109375 0.121875 0.0828125
0 0.515625 0.65 0.109375 0.125
0 0.58046875 0.4578125 0.096875 0.103125
0 0.584375 0.3421875 0.140625 0.065625
0 0.58203125 0.39609375 0.11875 0.0546875
0 0.58515625 0.5296875 0.1 0.053125
0 0.6453125 0.5671875 0.0359375 0.0828125
0 0.69140625 0.68046875 0.0578125 0.059375
0 0.79453125 0.7828125 0.0765625 0.05
0 0.62578125 0.6265625 0.0734375 0.096875
0 0.51015625 0.3765625 0.065625 0.20625
0 0.478125 0.3453125 0.040625 0.1359375
0 0.4046875 0.31328125 0.0921875 0.053125
0 0.26328125 0.4015625 0.0625 0.084375
0 0.4390625 0.5796875 0.0390625 0.059375