0 0.62578125 0.51171875 0.09375 0.0875
0 0.60390625 0.83125 0.0875 0.1578125
0 0.6484375 0.45078125 0.0953125 0.071875
0 0.62265625 0.64921875 0.1203125 0.06875
0 0.63359375 0.6046875 0.1 0.0375
0 0.64453125 0.56875 0.125 0.05625
0 0.6171875 0.7171875 0.090625 0.0765625
0 0.5765625 0.2328125 0.1 0.0875
0 0.5796875 0.10546875 0.1625 0.13125
0 0.51328125 0.05546875 0.1140625 0.1109375
0 0.69921875 0.14921875 0.05 0.040625
0 0.70234375 0.1015625 0.0375 0.040625
0 0.659375 0.2484375 0.04375 0.0921875
0 0.66015625 0.16328125 0.0375 0.0671875
0 0.66171875 0.07421875 0.040625 0.05
0 0.61953125 0.01953125 0.06875 0.0375
0 0.675 0.32734375 0.028125 0.0734375
0 0.69296875 0.38984375 0.034375 0.0421875
0 0.70703125 0.33671875 0.034375 0.04375
0 0.7046875 0.2875 0.0375 0.040625
0 0.70234375 0.25625 0.025 0.0265625
0 0.7046875 0.2359375 0.040625 0.021875
0 0.69921875 0.2046875 0.0375 0.03125
0 0.7109375 0.1765625 0.0375 0.028125
0 0.71328125 0.0578125 0.0484375 0.065625
0 0.69921875 0.5015625 0.025 0.0671875
0 0.71015625 0.559375 0.03125 0.05625
0 0.71796875 0.9703125 0.028125 0.05
0 0.71328125 0.909375 0.01875 0.0734375
0 0.59453125 0.95546875 0.0375 0.075