0 0.515625 0.32890625 0.2515625 0.29375
0 0.25078125 0.4890625 0.37109375 0.2515625
0 0.34453125 0.3234375 0.17578125 0.13359375
1 0.81796875 0.58515625 0.06328125 0.12265625
1 0.52109375 0.5625 0.05078125 0.09296875
1 0.56796875 0.52109375 0.09921875 0.0859375
1 0.6625 0.49921875 0.07421875 0.0890625
1 0.6578125 0.6203125 0.05859375 0.17890625
1 0.70078125 0.65625 0.06171875 0.11875
1 0.75859375 0.71796875 0.04921875 0.16875
1 0.86484375 0.759375 0.1078125 0.07109375
1 0.7234375 0.8 0.05078125 0.1484375
1 0.68984375 0.7390625 0.09140625 0.171875
1 0.53984375 0.73046875 0.040625 0.18515625
1 0.515625 0.7875 0.05703125 0.04765625
1 0.5671875 0.73515625 0.17734375 0.2234375
1 0.49453125 0.6515625 0.0703125 0.06953125
1 0.51640625 0.65859375 0.10078125 0.07734375
1 0.675 0.27578125 0.04609375 0.0859375
1 0.13203125 0.671875 0.11796875 0.06484375
1 0.75546875 0.90859375 0.05234375 0.1078125