2 0.53359375 0.36796875 0.64375 0.4453125
2 0.1875 0.36953125 0.09140625 0.215625
2 0.94453125 0.51875 0.090625 0.0953125
2 0.45078125 0.115625 0.06015625 0.0515625
2 0.8421875 0.4578125 0.3078125 0.24765625
2 0.18515625 0.5078125 0.36953125 0.196875
2 0.0734375 0.7640625 0.14453125 0.1015625
2 0.078125 0.546875 0.153125 0.12578125
2 0.08359375 0.36875 0.1515625 0.16484375
2 0.4296875 0.19765625 0.1546875 0.1078125
2 0.52734375 0.3203125 0.20234375 0.18671875
2 0.68671875 0.13203125 0.103125 0.04296875
2 0.11328125 0.21484375 0.11796875 0.028125
2 0.05546875 0.18984375 0.06640625 0.025