2 0.35234375 0.78515625 0.1453125 0.153125
2 0.6234375 0.65 0.03125 0.09375
2 0.42734375 0.459375 0.1625 0.13125
2 0.51953125 0.32578125 0.2109375 0.096875
2 0.60234375 0.43125 0.0625 0.04375
2 0.4546875 0.5171875 0.09375 0.0625
2 0.54140625 0.1828125 0.046875 0.0546875
2 0.65 0.0984375 0.0765625 0.0171875
2 0.65234375 0.625 0.09375 0.1359375
2 0.74140625 0.20234375 0.065625 0.0875
2 0.59296875 0.85078125 0.065625 0.140625
2 0.38671875 0.48203125 0.065625 0.05
2 0.4875 0.66796875 0.0515625 0.04375
2 0.71796875 0.1984375 0.0203125 0.0609375
2 0.55 0.69375 0.1 0.0609375
2 0.53125 0.734375 0.075 0.04375
2 0.5828125 0.16875 0.046875 0.0765625
2 0.675 0.45234375 0.04375 0.065625
2 0.73828125 0.1375 0.0921875 0.209375
2 0.7046875 0.31796875 0.1625 0.109375
2 0.490625 0.09453125 0.0625 0.0296875
2 0.559375 0.0703125 0.05 0.040625
2 0.5453125 0.87109375 0.0359375 0.0359375
2 0.3515625 0.59765625 0.11875 0.08125
2 0.61328125 0.07109375 0.03125 0.046875
2 0.67734375 0.2375 0.01875 0.04375
2 0.64140625 0.16953125 0.0625 0.0625
2 0.4859375 0.79453125 0.159375 0.1125
2 0.60234375 0.54453125 0.1703125 0.065625
2 0.6171875 0.45078125 0.14375 0.10625
2 0.53125 0.38203125 0.1203125 0.13125
2 0.69375 0.32578125 0.1875 0.225
2 0.6125 0.2140625 0.1671875 0.09375
2 0.6234375 0.07421875 0.2015625 0.1484375
2 0.44453125 0.6265625 0.1625 0.159375