0 0.840625 0.540625 0.11875 0.08671875
0 0.9078125 0.47421875 0.08828125 0.12890625
0 0.890625 0.70703125 0.09921875 0.1296875
0 0.68203125 0.49375 0.08359375 0.14296875
0 0.40859375 0.5265625 0.0765625 0.028125
0 0.6296875 0.48046875 0.04375 0.06953125
0 0.4484375 0.57734375 0.04921875 0.0453125
0 0.72265625 0.64375 0.0375 0.02890625
0 0.7859375 0.55859375 0.025 0.06171875
0 0.79765625 0.6515625 0.03671875 0.0875
0 0.8375 0.653125 0.05859375 0.06953125
0 0.5671875 0.696875 0.14921875 0.0546875
0 0.434375 0.48359375 0.075 0.02734375
0 0.703125 0.6296875 0.03671875 0.0140625
0 0.321875 0.33671875 0.09921875 0.0375
0 0.7171875 0.66484375 0.0328125 0.05625
0 0.53984375 0.47890625 0.03828125 0.06484375
0 0.46953125 0.6140625 0.0453125 0.04140625
0 0.5453125 0.534375 0.06015625 0.046875
0 0.41640625 0.8125 0.09609375 0.10859375
0 0.6484375 0.77890625 0.065625 0.15234375
0 0.54609375 0.278125 0.0921875 0.1203125
0 0.6375 0.94609375 0.07109375 0.07421875
1 0.35625 0.8203125 0.03203125 0.05859375
0 0.5515625 0.66015625 0.04453125 0.0515625
0 0.99296875 0.82734375 0.0140625 0.084375
0 0.66484375 0.63046875 0.03671875 0.0171875
1 0.3640625 0.68671875 0.0234375 0.028125
0 0.38671875 0.59296875 0.02890625 0.065625
0 0.94453125 0.609375 0.09921875 0.0734375
0 0.4953125 0.7484375 0.0265625 0.04765625
1 0.37265625 0.76171875 0.01953125 0.03203125
0 0.80390625 0.82265625 0.28984375 0.33515625
0 0.50859375 0.3953125 0.2328125 0.1578125
0 0.5421875 0.30390625 0.17734375 0.08984375
0 0.20703125 0.475 0.16796875 0.1328125
0 0.26640625 0.44296875 0.16171875 0.19375
0 0.31796875 0.50703125 0.11171875 0.15859375
0 0.878125 0.3421875 0.1671875 0.19375
0 0.67109375 0.38046875 0.13984375 0.0859375
0 0.50390625 0.91953125 0.1890625 0.1609375