0 0.91875 0.915625 0.121875 0.1625
0 0.6859375 0.79765625 0.0984375 0.084375
0 0.8734375 0.63671875 0.253125 0.3890625
0 0.721875 0.91015625 0.28125 0.175
0 0.140625 0.0515625 0.19375 0.103125
0 0.909375 0.39609375 0.18125 0.340625
0 0.834375 0.30078125 0.103125 0.225
0 0.7625 0.32578125 0.0625 0.221875
0 0.71484375 0.3546875 0.046875 0.1734375
0 0.96640625 0.10703125 0.0328125 0.2140625
0 0.32734375 0.0453125 0.1125 0.090625
0 0.51015625 0.40859375 0.296875 0.346875
0 0.33828125 0.24296875 0.1703125 0.1640625
0 0.27578125 0.1640625 0.18125 0.11875
0 0.22109375 0.12734375 0.0875 0.13125
0 0.50625 0.096875 0.2546875 0.096875
0 0.6265625 0.0515625 0.23125 0.103125
0 0.46015625 0.03125 0.103125 0.0625
0 0.7859375 0.1765625 0.2 0.2046875
0 0.6546875 0.20859375 0.1921875 0.2953125
0 0.5375 0.56875 0.1 0.3
0 0.825 0.72578125 0.1484375 0.20625
0 0.5296875 0.73203125 0.1078125 0.140625
0 0.64296875 0.80625 0.1359375 0.1515625
0 0.96015625 0.584375 0.078125 0.1421875
0 0.21484375 0.3671875 0.1421875 0.14375
0 0.19453125 0.25078125 0.1203125 0.121875
0 0.3171875 0.478125 0.05625 0.109375