0 0.55390625 0.2046875 0.340625 0.296875
0 0.39296875 0.41953125 0.334375 0.396875
0 0.6390625 0.4171875 0.19375 0.284375
0 0.66875 0.9046875 0.1390625 0.1828125
0 0.4953125 0.7765625 0.10625 0.18125
0 0.54140625 0.659375 0.121875 0.11875
0 0.57109375 0.78515625 0.1 0.1078125
0 0.41953125 0.6359375 0.08125 0.1390625
0 0.24765625 0.24296875 0.10625 0.0625
0 0.46875 0.0546875 0.1140625 0.1
0 0.42421875 0.06328125 0.090625 0.090625
0 0.375 0.17109375 0.08125 0.1046875
0 0.69296875 0.57109375 0.1140625 0.11875