0 0.6171875 0.6734375 0.353125 0.3859375
0 0.3421875 0.6828125 0.215625 0.25
0 0.24921875 0.271875 0.325 0.2265625
0 0.22421875 0.32265625 0.2484375 0.1125
0 0.63984375 0.3234375 0.225 0.08125
0 0.646875 0.403125 0.14375 0.1234375
0 0.55078125 0.43125 0.06875 0.109375
0 0.41875 0.4359375 0.1265625 0.15
0 0.3609375 0.5265625 0.184375 0.2640625
0 0.19765625 0.4140625 0.20625 0.0953125
0 0.4984375 0.3234375 0.1296875 0.146875
0 0.75625 0.46953125 0.1828125 0.153125
0 0.821875 0.5015625 0.153125 0.1609375
0 0.83046875 0.6203125 0.1515625 0.20625