0 0.834375 0.1703125 0.0421875 0.053125
0 0.6203125 0.31484375 0.090625 0.078125
0 0.61796875 0.68671875 0.128125 0.2234375
0 0.928125 0.84765625 0.140625 0.2546875
0 0.6921875 0.340625 0.0515625 0.075
0 0.4609375 0.340625 0.09375 0.10625
0 0.48828125 0.4796875 0.125 0.2515625
0 0.40390625 0.50859375 0.1328125 0.15
0 0.63125 0.75859375 0.0546875 0.1
0 0.53671875 0.72734375 0.065625 0.096875
0 0.46015625 0.64375 0.059375 0.09375
0 0.45546875 0.14375 0.06875 0.096875
0 0.41484375 0.20859375 0.115625 0.153125
0 0.34453125 0.18671875 0.084375 0.1359375
0 0.346875 0.2859375 0.13125 0.1984375
0 0.321875 0.39765625 0.0953125 0.4125
0 0.7296875 0.82109375 0.1796875 0.103125