2 0.259375 0.47578125 0.203125 0.234375
2 0.4109375 0.4515625 0.0953125 0.3390625
2 0.52109375 0.42578125 0.059375 0.3515625
2 0.63125 0.47109375 0.121875 0.240625
2 0.61875 0.67421875 0.065625 0.2828125
2 0.5109375 0.684375 0.0359375 0.215625
2 0.4515625 0.6828125 0.0390625 0.15625
2 0.440625 0.8078125 0.0921875 0.109375
2 0.37734375 0.6671875 0.046875 0.096875
2 0.565625 0.07890625 0.0875 0.1546875
2 0.303125 0.178125 0.090625 0.24375
2 0.67890625 0.203125 0.075 0.38125
2 0.81328125 0.3859375 0.1 0.078125
2 0.83125 0.48515625 0.128125 0.084375
2 0.678125 0.63203125 0.078125 0.0875
2 0.74921875 0.4921875 0.078125 0.103125
2 0.8625 0.053125 0.2 0.084375
2 0.49453125 0.68203125 0.015625 0.1765625
2 0.5359375 0.7953125 0.0734375 0.1109375