2 0.7296875 0.34765625 0.04375 0.14375
2 0.7515625 0.490625 0.175 0.1125
2 0.378125 0.7046875 0.1 0.23125
2 0.25625 0.67265625 0.128125 0.196875
2 0.08125 0.884375 0.090625 0.13125
2 0.825 0.1234375 0.0640625 0.075
2 0.74140625 0.12890625 0.028125 0.053125
2 0.5078125 0.5484375 0.215625 0.353125
2 0.1765625 0.503125 0.1125 0.0828125
2 0.334375 0.51484375 0.2109375 0.2078125
2 0.6828125 0.59765625 0.1796875 0.1921875
2 0.6234375 0.4328125 0.146875 0.165625
2 0.27265625 0.446875 0.0671875 0.0578125
2 0.93046875 0.40234375 0.0875 0.059375
2 0.9125 0.17890625 0.090625 0.03125
2 0.8140625 0.4625 0.08125 0.028125
2 0.059375 0.5734375 0.1015625 0.059375
2 0.80078125 0.35234375 0.0484375 0.0390625
2 0.93671875 0.31640625 0.040625 0.0765625
2 0.8609375 0.3015625 0.10625 0.034375
2 0.89140625 0.215625 0.05625 0.028125
2 0.978125 0.3875 0.0421875 0.034375
2 0.70546875 0.95390625 0.165625 0.06875
2 0.9234375 0.71875 0.1484375 0.053125