0 0.3671875 0.68203125 0.075 0.0953125
0 0.91875 0.1484375 0.0703125 0.1109375
0 0.85546875 0.36484375 0.246875 0.278125
0 0.93359375 0.715625 0.121875 0.28125
0 0.45703125 0.79375 0.178125 0.1859375
0 0.23671875 0.575 0.1640625 0.275
0 0.8953125 0.2203125 0.20625 0.31875
0 0.89765625 0.4890625 0.0875 0.125
0 0.42890625 0.3515625 0.0953125 0.1296875
0 0.80703125 0.5171875 0.1484375 0.078125
0 0.39453125 0.2484375 0.2 0.16875
0 0.3140625 0.8953125 0.084375 0.1453125
0 0.35390625 0.7765625 0.1453125 0.140625
0 0.63828125 0.69296875 0.521875 0.365625
0 0.4109375 0.4953125 0.28125 0.175
0 0.34765625 0.3765625 0.1125 0.075
0 0.553125 0.3484375 0.2 0.165625
0 0.59921875 0.2 0.1921875 0.165625
0 0.715625 0.27265625 0.1859375 0.353125
0 0.19921875 0.3265625 0.19375 0.2296875