0 0.84921875 0.6296875 0.1828125 0.3234375
0 0.53046875 0.44375 0.25 0.503125
0 0.32890625 0.37578125 0.328125 0.5046875
0 0.728125 0.48203125 0.06875 0.128125
0 0.73515625 0.74296875 0.103125 0.1
0 0.72109375 0.61875 0.103125 0.15
0 0.203125 0.4140625 0.1 0.265625
0 0.12109375 0.4796875 0.0703125 0.125
0 0.13203125 0.6015625 0.0796875 0.125
0 0.1890625 0.56484375 0.0875 0.0828125
0 0.24609375 0.65625 0.16875 0.13125
0 0.484375 0.76875 0.134375 0.175
0 0.615625 0.77421875 0.1265625 0.1734375
0 0.68828125 0.80625 0.125 0.0796875
0 0.38046875 0.8015625 0.096875 0.115625
0 0.36875 0.7 0.0875 0.1109375