0 0.61484375 0.1875 0.140625 0.19375
0 0.52265625 0.14921875 0.1296875 0.1109375
0 0.4671875 0.22421875 0.165625 0.10625
0 0.4171875 0.30546875 0.103125 0.1375
0 0.38984375 0.42109375 0.0796875 0.109375
0 0.43359375 0.4296875 0.053125 0.071875
0 0.51328125 0.51796875 0.096875 0.084375
0 0.55078125 0.6515625 0.1265625 0.075
0 0.69140625 0.740625 0.121875 0.1828125
0 0.64453125 0.48046875 0.18125 0.09375
0 0.6734375 0.38359375 0.1140625 0.1484375
0 0.753125 0.503125 0.0734375 0.153125
0 0.67109375 0.5640625 0.1328125 0.0828125
0 0.54765625 0.3203125 0.1546875 0.1625
0 0.5875 0.36953125 0.1078125 0.0796875
0 0.54140625 0.56875 0.121875 0.090625
0 0.6484375 0.87578125 0.13125 0.1328125
0 0.45234375 0.484375 0.0296875 0.046875