2 0.53671875 0.6578125 0.1421875 0.15625
2 0.4125 0.44609375 0.16875 0.175
2 0.34453125 0.47265625 0.075 0.10625
2 0.6734375 0.590625 0.065625 0.11875
2 0.5671875 0.43515625 0.14375 0.153125
2 0.8125 0.4859375 0.125 0.10625
2 0.65 0.7015625 0.1125 0.140625
2 0.44453125 0.55703125 0.1609375 0.134375
2 0.3640625 0.36015625 0.14375 0.140625
2 0.4265625 0.4328125 0.18125 0.2078125
2 0.70234375 0.49296875 0.11875 0.184375
2 0.23671875 0.27890625 0.0625 0.090625
2 0.31796875 0.30703125 0.121875 0.134375
2 0.90859375 0.26328125 0.128125 0.15
2 0.92109375 0.50078125 0.1515625 0.084375