2 0.371875 0.4921875 0.359375 0.2015625
2 0.653125 0.6171875 0.1875 0.1671875
2 0.87578125 0.68984375 0.2484375 0.2296875
2 0.75 0.4578125 0.08125 0.2265625
2 0.65859375 0.50234375 0.0421875 0.084375
2 0.62265625 0.47578125 0.0875 0.03125
2 0.42890625 0.38671875 0.19375 0.0921875
2 0.53359375 0.74375 0.16875 0.1453125
2 0.0671875 0.79765625 0.134375 0.053125
2 0.42734375 0.975 0.0640625 0.0296875
2 0.34609375 0.2828125 0.05625 0.0984375
2 0.25078125 0.884375 0.075 0.028125
2 0.25625 0.690625 0.0984375 0.153125
2 0.3484375 0.89921875 0.05625 0.03125
1 0.9328125 0.9859375 0.0421875 0.028125
2 0.51640625 0.4625 0.053125 0.09375
2 0.58515625 0.43984375 0.05625 0.0484375
2 0.04765625 0.671875 0.0953125 0.0875
2 0.29609375 0.909375 0.034375 0.03125
2 0.965625 0.76015625 0.065625 0.05625
2 0.7375 0.35546875 0.1125 0.10625
2 0.09453125 0.72734375 0.06875 0.0625
2 0.53828125 0.94375 0.121875 0.10625
2 0.43828125 0.665625 0.19375 0.1390625
2 0.340625 0.8140625 0.0671875 0.053125
2 0.38203125 0.76953125 0.028125 0.053125
2 0.60546875 0.51328125 0.0671875 0.053125
2 0.18984375 0.81171875 0.0703125 0.0765625
2 0.33671875 0.3671875 0.1875 0.096875