2 0.55546875 0.17421875 0.05625 0.084375
2 0.20546875 0.31171875 0.05625 0.0546875
2 0.59296875 0.28984375 0.0375 0.10625
2 0.459375 0.26328125 0.05625 0.075
2 0.625 0.325 0.075 0.0265625
2 0.73359375 0.30859375 0.075 0.021875
2 0.78359375 0.32890625 0.0625 0.025
2 0.50625 0.2671875 0.053125 0.0796875
2 0.33828125 0.4703125 0.1015625 0.0421875
2 0.58671875 0.47578125 0.05625 0.05625
2 0.17421875 0.509375 0.0640625 0.01875
2 0.865625 0.2984375 0.046875 0.05625
2 0.96796875 0.27734375 0.0625 0.04375
2 0.6921875 0.421875 0.059375 0.0625
2 0.22734375 0.49375 0.053125 0.03125
2 0.63359375 0.4546875 0.08125 0.0875
2 0.9484375 0.21015625 0.0828125 0.109375
2 0.7109375 0.45703125 0.05 0.0671875
2 0.725 0.14453125 0.103125 0.05625
2 0.478125 0.3 0.0515625 0.034375
2 0.33046875 0.534375 0.1 0.0484375
2 0.3953125 0.3328125 0.046875 0.03125
2 0.55546875 0.3609375 0.046875 0.0609375
2 0.90859375 0.25625 0.059375 0.1421875
2 0.7546875 0.403125 0.078125 0.075
2 0.8703125 0.4171875 0.04375 0.021875
2 0.590625 0.209375 0.078125 0.0625
2 0.36640625 0.5453125 0.0859375 0.0359375
2 0.14609375 0.1953125 0.025 0.053125
2 0.0625 0.6765625 0.096875 0.05625
2 0.534375 0.31015625 0.0578125 0.0390625
2 0.1796875 0.28046875 0.096875 0.01875
2 0.14140625 0.653125 0.121875 0.09375
2 0.4234375 0.3546875 0.046875 0.228125
2 0.565625 0.55390625 0.053125 0.053125
2 0.85234375 0.36328125 0.1 0.08125
2 0.8484375 0.4515625 0.0671875 0.0515625
2 0.98515625 0.425 0.028125 0.053125
2 0.91953125 0.43046875 0.065625 0.046875
2 0.9421875 0.5390625 0.025 0.0296875
2 0.43671875 0.578125 0.040625 0.04375
2 0.3171875 0.55390625 0.040625 0.0421875
2 0.2296875 0.64296875 0.0703125 0.071875
2 0.196875 0.69765625 0.059375 0.0546875
2 0.178125 0.55546875 0.059375 0.0734375
2 0.2171875 0.5921875 0.05 0.0484375
2 0.25859375 0.546875 0.053125 0.0515625
2 0.21953125 0.53671875 0.071875 0.053125
2 0.36484375 0.4328125 0.05 0.0453125
2 0.4140625 0.515625 0.059375 0.078125
2 0.35390625 0.3359375 0.0796875 0.11875
2 0.4578125 0.33359375 0.05 0.040625
2 0.2828125 0.4546875 0.046875 0.0640625