2 0.79609375 0.6859375 0.234375 0.2296875
2 0.49296875 0.54609375 0.2 0.2453125
2 0.1515625 0.65078125 0.1875 0.1625
2 0.709375 0.421875 0.490625 0.11875
2 0.33828125 0.42578125 0.103125 0.115625
2 0.44140625 0.41796875 0.078125 0.0875
2 0.5515625 0.421875 0.2078125 0.11875
2 0.42890625 0.43515625 0.2828125 0.13125
2 0.24453125 0.50078125 0.1 0.05625
2 0.17890625 0.528125 0.071875 0.046875
2 0.59609375 0.76171875 0.0609375 0.2515625
2 0.953125 0.5453125 0.09375 0.1375
2 0.946875 0.5078125 0.10625 0.084375
2 0.72734375 0.51875 0.125 0.0390625
2 0.66484375 0.4671875 0.14375 0.05
2 0.91875 0.3171875 0.1 0.08125
2 0.27421875 0.60625 0.10625 0.065625
2 0.57578125 0.87890625 0.1578125 0.0625
2 0.10390625 0.59296875 0.0671875 0.0359375
2 0.0859375 0.62578125 0.16875 0.09375
2 0.96015625 0.36328125 0.071875 0.04375
2 0.2484375 0.6390625 0.0875 0.0375
2 0.69921875 0.60390625 0.153125 0.034375
2 0.0359375 0.6796875 0.071875 0.065625
2 0.6765625 0.525 0.0734375 0.03125
2 0.44921875 0.6515625 0.0921875 0.0609375
2 0.87421875 0.38984375 0.1375 0.0375
2 0.86796875 0.85859375 0.2625 0.071875
2 0.5203125 0.7703125 0.090625 0.1375
2 0.63515625 0.5546875 0.121875 0.1234375
2 0.3375 0.5171875 0.0625 0.2609375
2 0.80859375 0.94609375 0.1125 0.1078125
2 0.83203125 0.52890625 0.08125 0.0921875
2 0.44296875 0.74375 0.0515625 0.084375
2 0.95390625 0.40625 0.090625 0.090625