2 0.628125 0.5078125 0.359375 0.2015625
2 0.346875 0.3828125 0.1875 0.1671875
2 0.12421875 0.31015625 0.2484375 0.2296875
2 0.25 0.5421875 0.08125 0.2265625
2 0.34140625 0.49765625 0.0421875 0.084375
2 0.37734375 0.52421875 0.0875 0.03125
2 0.57109375 0.61328125 0.19375 0.0921875
2 0.46640625 0.25625 0.16875 0.1453125
2 0.9328125 0.20234375 0.134375 0.053125
2 0.57265625 0.025 0.0625 0.0296875
2 0.65390625 0.7171875 0.05625 0.0984375
2 0.74921875 0.115625 0.075 0.028125
2 0.74375 0.309375 0.096875 0.153125
2 0.6515625 0.10078125 0.05625 0.03125
1 0.0671875 0.0140625 0.0421875 0.028125
2 0.48359375 0.5375 0.053125 0.09375
2 0.41484375 0.56015625 0.05625 0.0484375
2 0.95234375 0.328125 0.0953125 0.0875
2 0.70390625 0.090625 0.034375 0.03125
2 0.034375 0.23984375 0.065625 0.05625
2 0.2625 0.64453125 0.1125 0.10625
2 0.90546875 0.27265625 0.06875 0.0625
2 0.46171875 0.05625 0.121875 0.10625
2 0.56171875 0.334375 0.19375 0.1390625
2 0.659375 0.1859375 0.0671875 0.053125
2 0.61796875 0.23046875 0.028125 0.053125
2 0.39453125 0.48671875 0.0671875 0.053125
2 0.81015625 0.18828125 0.0703125 0.0765625
2 0.66328125 0.6328125 0.1875 0.096875