2 0.44453125 0.48828125 0.2796875 0.253125
2 0.4125 0.31015625 0.14375 0.05625
2 0.4578125 0.390625 0.1953125 0.084375
2 0.07578125 0.38828125 0.05625 0.1421875
2 0.796875 0.61484375 0.109375 0.225
2 0.71171875 0.484375 0.10625 0.103125
2 0.421875 0.75546875 0.115625 0.1375
2 0.62734375 0.428125 0.1046875 0.09375
2 0.28828125 0.4421875 0.109375 0.05625
2 0.1921875 0.79765625 0.046875 0.134375
2 0.23515625 0.27890625 0.196875 0.096875
2 0.7015625 0.959375 0.13125 0.078125
2 0.51640625 0.88515625 0.2859375 0.19375
2 0.43515625 0.2046875 0.090625 0.034375
2 0.09296875 0.49921875 0.153125 0.071875
2 0.84296875 0.41171875 0.125 0.0453125
2 0.165625 0.55859375 0.1390625 0.084375
2 0.8984375 0.73125 0.075 0.259375
2 0.4890625 0.2578125 0.11875 0.0375
2 0.29296875 0.234375 0.034375 0.08125
2 0.1984375 0.73203125 0.0625 0.065625
2 0.5875 0.81015625 0.1125 0.034375
2 0.13984375 0.40234375 0.01875 0.096875
2 0.5453125 0.1984375 0.090625 0.059375
2 0.8015625 0.91328125 0.075 0.028125
2 0.04921875 0.346875 0.0984375 0.021875
2 0.73125 0.34765625 0.1125 0.040625
2 0.2203125 0.40078125 0.196875 0.203125
2 0.565625 0.3234375 0.1625 0.1109375
2 0.64375 0.69921875 0.20625 0.5125
2 0.8875 0.89921875 0.2 0.059375