0 0.12890625 0.38359375 0.10390625 0.1703125
0 0.28828125 0.39375 0.12734375 0.12265625
0 0.50390625 0.396875 0.0890625 0.1546875
0 0.409375 0.40390625 0.13046875 0.14765625
0 0.20078125 0.3921875 0.09296875 0.1171875
0 0.69453125 0.371875 0.046875 0.13984375
0 0.66796875 0.325 0.0984375 0.06015625
0 0.80859375 0.36953125 0.09453125 0.12890625
0 0.7375 0.41015625 0.05234375 0.065625
0 0.0078125 0.3328125 0.01484375 0.0609375
0 0.85234375 0.5296875 0.29453125 0.2578125
3 0.9234375 0.3734375 0.153125 0.10390625