0 0.759375 0.52578125 0.16875 0.090625
0 0.628125 0.44609375 0.215625 0.065625
3 0.67578125 0.3046875 0.234375 0.221875
0 0.29765625 0.57890625 0.1578125 0.4046875
0 0.6359375 0.7234375 0.1390625 0.0859375
0 0.7859375 0.64765625 0.103125 0.071875
0 0.74453125 0.74921875 0.115625 0.084375
0 0.6140625 0.64921875 0.1125 0.06875
0 0.6859375 0.590625 0.1328125 0.0890625
0 0.6984375 0.66953125 0.103125 0.071875
0 0.5140625 0.30390625 0.246875 0.25
3 0.60390625 0.8859375 0.265625 0.225
0 0.5640625 0.05078125 0.0453125 0.096875
0 0.57109375 0.11015625 0.0375 0.0546875
0 0.5828125 0.1453125 0.028125 0.0375