2 0.790625 0.30390625 0.078125 0.046875
2 0.47890625 0.4109375 0.3203125 0.2734375
2 0.5484375 0.36171875 0.0609375 0.05
2 0.79140625 0.46640625 0.1078125 0.0359375
2 0.9015625 0.35703125 0.0640625 0.06875
2 0.91953125 0.446875 0.0375 0.065625
2 0.43671875 0.71953125 0.0375 0.1609375
2 0.9703125 0.68046875 0.059375 0.0453125
2 0.77734375 0.37890625 0.046875 0.0375
2 0.48125 0.3234375 0.11875 0.053125
2 0.06015625 0.27890625 0.0421875 0.0421875
2 0.56015625 0.19296875 0.03125 0.028125
2 0.67265625 0.7484375 0.053125 0.084375
2 0.6328125 0.30234375 0.046875 0.025
2 0.5953125 0.47578125 0.0890625 0.1046875
2 0.14140625 0.28125 0.075 0.040625
2 0.3234375 0.3625 0.0515625 0.021875
2 0.54140625 0.28671875 0.06875 0.0265625
2 0.78515625 0.71484375 0.0296875 0.0390625
2 0.2828125 0.5109375 0.1015625 0.1875