0 0.53125 0.84765625 0.1125 0.0875
0 0.48125 0.6109375 0.084375 0.0734375
0 0.48515625 0.50546875 0.1328125 0.1046875
0 0.44296875 0.46484375 0.084375 0.0890625
0 0.43828125 0.36484375 0.09375 0.1046875
0 0.475 0.29609375 0.096875 0.10625
0 0.47578125 0.22109375 0.1 0.0578125
0 0.5359375 0.98515625 0.1265625 0.0296875
0 0.51640625 0.91796875 0.10625 0.11875
0 0.4953125 0.79375 0.0640625 0.103125
0 0.47109375 0.08828125 0.0578125 0.1765625
0 0.528125 0.31484375 0.05 0.190625
0 0.53671875 0.409375 0.0578125 0.084375
0 0.56875 0.25234375 0.034375 0.0578125
0 0.55625 0.13828125 0.0375 0.05625
0 0.55625 0.18125 0.028125 0.0375
0 0.59140625 0.40234375 0.01875 0.040625
0 0.59453125 0.3609375 0.0140625 0.0375
0 0.57109375 0.34453125 0.028125 0.028125
0 0.5703125 0.3765625 0.021875 0.040625
0 0.57578125 0.296875 0.025 0.03125
0 0.56015625 0.4890625 0.028125 0.0375
0 0.56015625 0.6375 0.04375 0.075
0 0.56796875 0.71328125 0.028125 0.053125
0 0.57890625 0.7671875 0.0125 0.028125
0 0.59296875 0.78125 0.025 0.0296875
0 0.60390625 0.7140625 0.0375 0.05
0 0.59453125 0.6703125 0.0328125 0.0390625
0 0.59453125 0.634375 0.025 0.0390625
0 0.590625 0.5703125 0.046875 0.0375
0 0.58828125 0.55234375 0.0390625 0.034375
0 0.59296875 0.51015625 0.0375 0.040625
0 0.6 0.47734375 0.040625 0.05
0 0.58125 0.43984375 0.0328125 0.040625
0 0.58984375 0.91328125 0.0328125 0.0875