0 0.340625 0.25 0.121875 0.128125
0 0.22109375 0.8640625 0.221875 0.1859375
0 0.57421875 0.67890625 0.11875 0.3109375
0 0.34453125 0.38515625 0.109375 0.078125
1 0.26796875 0.7265625 0.171875 0.078125
1 0.278125 0.64453125 0.15625 0.10625
1 0.3046875 0.5609375 0.1640625 0.078125
1 0.32578125 0.61328125 0.1359375 0.0625
1 0.37890625 0.68359375 0.0921875 0.08125
1 0.30546875 0.75703125 0.1234375 0.059375
1 0.32890625 0.46015625 0.1296875 0.0734375
0 0.40859375 0.44296875 0.0671875 0.0796875
0 0.2609375 0.496875 0.0953125 0.078125
0 0.375 0.8234375 0.140625 0.084375
0 0.55234375 0.50859375 0.146875 0.08125
1 0.11796875 0.54453125 0.053125 0.065625
1 0.18203125 0.49140625 0.0234375 0.015625
1 0.16171875 0.7109375 0.021875 0.046875
1 0.14375 0.76484375 0.0125 0.01875
1 0.21328125 0.4734375 0.053125 0.06875
1 0.24765625 0.05859375 0.025 0.0296875