2 0.33046875 0.240625 0.1203125 0.0515625
2 0.5046875 0.228125 0.109375 0.065625
2 0.5890625 0.33515625 0.06484375 0.02421875
2 0.42734375 0.24921875 0.08828125 0.0625
2 0.475 0.31171875 0.0953125 0.03046875
2 0.39453125 0.22109375 0.10703125 0.065625
2 0.66484375 0.384375 0.0828125 0.05625
2 0.3484375 0.19765625 0.090625 0.03984375
2 0.21328125 0.31171875 0.2578125 0.0796875
2 0.578125 0.29375 0.08828125 0.03359375
2 0.16015625 0.40546875 0.190625 0.09609375
2 0.76796875 0.6546875 0.20078125 0.12890625
2 0.4734375 0.45 0.64765625 0.4234375
2 0.746875 0.46875 0.23203125 0.21015625