0 0.134375 0.43671875 0.18828125 0.365625
0 0.85859375 0.6359375 0.2703125 0.16953125
0 0.46015625 0.7671875 0.2984375 0.209375
0 0.47109375 0.69453125 0.2125 0.12890625
1 0.284375 0.2578125 0.04296875 0.03125
1 0.721875 0.23828125 0.03125 0.01171875
0 0.1453125 0.2375 0.04921875 0.11484375
1 0.35 0.25703125 0.046875 0.02578125
1 0.81875 0.2375 0.02109375 0.015625
0 0.56875 0.45234375 0.146875 0.07578125
1 0.8546875 0.23671875 0.04453125 0.01953125
1 0.75234375 0.2375 0.02265625 0.01484375
1 0.3046875 0.25546875 0.0375 0.028125
0 0.58984375 0.5453125 0.20234375 0.15546875
0 0.8203125 0.59609375 0.34375 0.2328125
0 0.19453125 0.378125 0.071875 0.421875