2 0.21953125 0.42890625 0.228125 0.1203125
2 0.61484375 0.53125 0.1375 0.0375
2 0.58359375 0.46484375 0.18125 0.16875
2 0.41171875 0.23515625 0.134375 0.05625
2 0.57890625 0.73203125 0.0859375 0.040625
2 0.20625 0.5203125 0.18125 0.0875
2 0.7390625 0.50703125 0.071875 0.046875
2 0.775 0.284375 0.0640625 0.0578125
2 0.71015625 0.17109375 0.1109375 0.175
2 0.890625 0.45546875 0.21875 0.0640625
2 0.71015625 0.603125 0.1125 0.03125
2 0.6390625 0.77734375 0.059375 0.0671875
2 0.9015625 0.2703125 0.078125 0.2
2 0.7046875 0.76796875 0.0625 0.05625
2 0.103125 0.29921875 0.040625 0.03125
2 0.8984375 0.34375 0.203125 0.096875
2 0.8296875 0.11953125 0.084375 0.0359375
2 0.77890625 0.196875 0.059375 0.025
2 0.22578125 0.10390625 0.1890625 0.14375
2 0.5140625 0.753125 0.090625 0.05625
2 0.11171875 0.03828125 0.0703125 0.06875
2 0.4453125 0.61796875 0.05 0.1515625
2 0.7375 0.728125 0.125 0.05
2 0.29453125 0.2765625 0.05 0.075
2 0.3359375 0.2203125 0.1 0.0390625
2 0.4703125 0.79296875 0.03125 0.06875
2 0.79765625 0.91328125 0.0859375 0.05625
2 0.5265625 0.09609375 0.084375 0.140625
2 0.43828125 0.08203125 0.05625 0.034375
2 0.13984375 0.08828125 0.05625 0.0359375
2 0.84296875 0.3703125 0.0875 0.03125
2 0.9734375 0.209375 0.053125 0.034375
2 0.0765625 0.36953125 0.090625 0.0578125
2 0.540625 0.5078125 0.0765625 0.053125
2 0.05390625 0.2671875 0.0515625 0.04375
2 0.51484375 0.3625 0.053125 0.1515625
2 0.41640625 0.565625 0.01875 0.065625
2 0.8359375 0.75625 0.1 0.071875
2 0.1125 0.234375 0.04375 0.06875
2 0.63203125 0.08046875 0.0625 0.1375
2 0.08125 0.0796875 0.025 0.0765625
2 0.4625 0.3296875 0.04375 0.1
2 0.04296875 0.0203125 0.0703125 0.040625
2 0.075 0.5484375 0.0328125 0.0625
2 0.3546875 0.06484375 0.05 0.084375
2 0.6890625 0.565625 0.159375 0.0734375
2 0.3796875 0.48828125 0.15 0.196875
2 0.5671875 0.6015625 0.128125 0.0890625
2 0.6140625 0.3859375 0.121875 0.134375
2 0.41875 0.29140625 0.1671875 0.109375
2 0.6796875 0.74609375 0.40625 0.0796875