0 0.33671875 0.546875 0.1046875 0.10625
0 0.190625 0.63671875 0.18125 0.246875
0 0.25703125 0.475 0.171875 0.203125
0 0.87421875 0.08203125 0.125 0.1609375
0 0.07421875 0.703125 0.1375 0.390625
0 0.0640625 0.16484375 0.128125 0.3296875
0 0.2296875 0.15234375 0.128125 0.1
0 0.30703125 0.24609375 0.1125 0.2171875
0 0.36875 0.37734375 0.2046875 0.1015625
0 0.38984375 0.67421875 0.178125 0.346875
0 0.19140625 0.85078125 0.2609375 0.2984375
0 0.4203125 0.95546875 0.1109375 0.0890625
0 0.11328125 0.428125 0.21875 0.1640625
0 0.39453125 0.89765625 0.0890625 0.1515625
0 0.5890625 0.571875 0.128125 0.196875
0 0.53203125 0.69765625 0.075 0.1078125
0 0.6015625 0.3140625 0.115625 0.2640625
0 0.64296875 0.2765625 0.065625 0.18125
0 0.69375 0.3015625 0.06875 0.09375
0 0.70546875 0.11171875 0.115625 0.121875
0 0.5375 0.23515625 0.140625 0.23125
0 0.7328125 0.025 0.1203125 0.05
0 0.21484375 0.23984375 0.053125 0.11875
0 0.234375 0.3078125 0.05 0.103125