0 0.84765625 0.46875 0.0875 0.1125
0 0.6109375 0.51875 0.0734375 0.084375
0 0.50546875 0.51484375 0.1046875 0.1328125
0 0.46484375 0.55703125 0.0890625 0.084375
0 0.36484375 0.56171875 0.1046875 0.09375
0 0.29609375 0.525 0.10625 0.096875
0 0.22109375 0.52421875 0.0578125 0.1
0 0.98515625 0.4640625 0.0296875 0.1265625
0 0.91796875 0.48359375 0.11875 0.10625
0 0.79375 0.5046875 0.103125 0.0640625
0 0.08828125 0.52890625 0.1765625 0.0578125
0 0.31484375 0.471875 0.190625 0.05
0 0.409375 0.46328125 0.084375 0.0578125
0 0.25234375 0.43125 0.0578125 0.034375
0 0.13828125 0.44375 0.05625 0.0390625
0 0.18125 0.44375 0.0375 0.028125
0 0.40234375 0.40859375 0.040625 0.01875
0 0.3609375 0.40546875 0.0375 0.0140625
0 0.34453125 0.42890625 0.028125 0.028125
0 0.3765625 0.4296875 0.040625 0.021875
0 0.296875 0.42421875 0.03125 0.025
0 0.4890625 0.43984375 0.0375 0.028125
0 0.6375 0.43984375 0.075 0.04375
0 0.71328125 0.43203125 0.053125 0.028125
0 0.7671875 0.42109375 0.028125 0.0125
0 0.78125 0.40703125 0.0296875 0.025
0 0.7140625 0.39609375 0.05 0.0375
0 0.6703125 0.40546875 0.0390625 0.0328125
0 0.634375 0.40546875 0.0390625 0.025
0 0.5703125 0.409375 0.0375 0.046875
0 0.55234375 0.41171875 0.034375 0.0390625
0 0.51015625 0.40703125 0.040625 0.0375
0 0.47734375 0.4 0.05 0.040625
0 0.43984375 0.41875 0.040625 0.0328125
0 0.91328125 0.41015625 0.0875 0.0328125