0 0.39296875 0.62578125 0.2078125 0.328125
0 0.896875 0.19609375 0.203125 0.378125
0 0.15859375 0.584375 0.0953125 0.103125
0 0.71484375 0.66640625 0.25625 0.2265625
0 0.86484375 0.65 0.125 0.121875
0 0.6265625 0.21796875 0.25625 0.278125
0 0.69765625 0.8578125 0.5859375 0.284375
0 0.2859375 0.5359375 0.08125 0.109375
0 0.42578125 0.34375 0.3359375 0.103125
0 0.4546875 0.2375 0.303125 0.125
0 0.23515625 0.46328125 0.1453125 0.128125
0 0.84921875 0.45859375 0.3015625 0.2328125
0 0.17109375 0.38125 0.21875 0.1515625
0 0.2109375 0.28984375 0.2 0.109375
0 0.321875 0.2140625 0.325 0.059375
0 0.50625 0.13046875 0.04375 0.115625
0 0.37734375 0.1703125 0.1625 0.121875
0 0.67890625 0.4828125 0.1140625 0.2
0 0.2765625 0.7015625 0.19375 0.209375