2 0.5078125 0.371875 0.2015625 0.359375
2 0.3828125 0.653125 0.1671875 0.1875
2 0.31015625 0.87578125 0.228125 0.2484375
2 0.5421875 0.75 0.2265625 0.08125
2 0.49765625 0.65859375 0.084375 0.0421875
2 0.52421875 0.62265625 0.03125 0.0875
2 0.61328125 0.42890625 0.0921875 0.19375
2 0.25625 0.53359375 0.1453125 0.16875
2 0.20234375 0.0671875 0.053125 0.134375
2 0.025 0.42734375 0.0296875 0.0625
2 0.7171875 0.34609375 0.0984375 0.05625
2 0.115625 0.25078125 0.028125 0.075
2 0.309375 0.25625 0.153125 0.096875
2 0.10078125 0.3484375 0.03125 0.05625
1 0.0140625 0.9328125 0.028125 0.0421875
2 0.5375 0.51640625 0.09375 0.053125
2 0.56015625 0.58515625 0.0484375 0.05625
2 0.328125 0.04765625 0.0875 0.0953125
2 0.090625 0.29609375 0.03125 0.034375
2 0.23984375 0.965625 0.05625 0.065625
2 0.64453125 0.7375 0.10625 0.1125
2 0.27265625 0.09453125 0.0625 0.06875
2 0.05625 0.53828125 0.10625 0.121875
2 0.334375 0.43828125 0.1390625 0.19375
2 0.1859375 0.340625 0.053125 0.0671875
2 0.23046875 0.38203125 0.053125 0.028125
2 0.48671875 0.60546875 0.053125 0.0671875
2 0.18828125 0.18984375 0.0765625 0.0703125
2 0.6328125 0.33671875 0.096875 0.1875