1 0.34375 0.184375 0.171875 0.09375
1 0.56484375 0.440625 0.075 0.08125
1 0.52578125 0.484375 0.0875 0.0875
1 0.28828125 0.4 0.153125 0.11875
1 0.61953125 0.43203125 0.075 0.078125
1 0.36875 0.77265625 0.075 0.0734375
1 0.3015625 0.8453125 0.109375 0.165625
1 0.34140625 0.2984375 0.121875 0.1015625
1 0.15625 0.25546875 0.2703125 0.2375
1 0.51796875 0.665625 0.084375 0.06875
1 0.475 0.64296875 0.0640625 0.0671875
1 0.296875 0.75859375 0.0875 0.096875
1 0.46953125 0.24765625 0.209375 0.1390625
1 0.44609375 0.50859375 0.071875 0.096875
1 0.53359375 0.575 0.103125 0.0984375
1 0.4171875 0.0875 0.1171875 0.1140625
1 0.63984375 0.49375 0.065625 0.0640625
1 0.2734375 0.62890625 0.121875 0.10625
1 0.6078125 0.36484375 0.06875 0.065625
1 0.51953125 0.30625 0.084375 0.096875
1 0.42265625 0.8546875 0.171875 0.13125
1 0.50546875 0.11875 0.05625 0.0453125
1 0.484375 0.73828125 0.1125 0.071875
1 0.36640625 0.9609375 0.0453125 0.075
1 0.35390625 0.53671875 0.1515625 0.10625
1 0.24453125 0.7171875 0.0484375 0.0609375
1 0.4078125 0.72109375 0.0640625 0.05625
1 0.52109375 0.371875 0.0546875 0.09375
1 0.15625 0.4921875 0.209375 0.296875
1 0.32734375 0.5796875 0.08125 0.0953125
1 0.39609375 0.6359375 0.115625 0.075
1 0.2390625 0.35 0.0609375 0.040625
1 0.47421875 0.36484375 0.071875 0.134375
1 0.46484375 0.4625 0.05625 0.059375
1 0.3546875 0.71015625 0.05625 0.034375
1 0.34375 0.1140625 0.16875 0.0859375
1 0.2671875 0.2890625 0.0546875 0.0640625
1 0.4421875 0.9609375 0.0421875 0.075
1 0.4109375 0.815625 0.05625 0.078125
1 0.478125 0.58828125 0.0734375 0.040625
1 0.59375 0.26484375 0.065625 0.04375
1 0.57421875 0.53203125 0.053125 0.10625
1 0.0796875 0.82421875 0.015625 0.028125
1 0.459375 0.05078125 0.0421875 0.0453125
1 0.39375 0.58125 0.0875 0.053125
1 0.51015625 0.43046875 0.046875 0.0484375