0 0.409375 0.28671875 0.18125 0.39375
0 0.17578125 0.41328125 0.296875 0.31796875
1 0.6125 0.625 0.07578125 0.1125
1 0.5453125 0.5765625 0.015625 0.0578125
1 0.525 0.55 0.02890625 0.0609375
1 0.5640625 0.5796875 0.015625 0.059375
1 0.53203125 0.5953125 0.02734375 0.05
1 0.64453125 0.55078125 0.06875 0.02734375
1 0.60859375 0.51640625 0.05390625 0.08359375
1 0.5234375 0.4734375 0.15 0.16484375
0 0.678125 0.40234375 0.271875 0.1375
0 0.5671875 0.32109375 0.18515625 0.18125
0 0.52890625 0.1734375 0.134375 0.16953125
0 0.34609375 0.33359375 0.14453125 0.33046875
1 0.66484375 0.94921875 0.11328125 0.10078125
1 0.3546875 0.87890625 0.0890625 0.0625
1 0.834375 0.69765625 0.0296875 0.0109375
1 0.23046875 0.62890625 0.05390625 0.05625
1 0.4328125 0.51953125 0.02421875 0.02265625