0 0.5890625 0.271875 0.253125 0.3
0 0.37734375 0.77578125 0.315625 0.19375
0 0.12734375 0.35234375 0.253125 0.303125
0 0.54140625 0.6265625 0.2546875 0.2296875
0 0.4546875 0.2296875 0.15625 0.165625
0 0.6109375 0.4953125 0.09375 0.109375
0 0.42421875 0.45078125 0.1 0.1484375
0 0.24140625 0.48046875 0.21875 0.165625
0 0.4046875 0.63828125 0.1140625 0.171875
0 0.521875 0.0328125 0.13125 0.065625
0 0.3859375 0.05234375 0.14375 0.1046875
0 0.36328125 0.16171875 0.090625 0.125
0 0.10703125 0.47265625 0.2125 0.359375
0 0.3125 0.25 0.15 0.1109375
0 0.52109375 0.4875 0.140625 0.1125