2 0.43203125 0.45234375 0.365625 0.2375
2 0.8578125 0.49609375 0.0578125 0.103125
2 0.77890625 0.53125 0.284375 0.2296875
2 0.14765625 0.60546875 0.29375 0.109375
2 0.59375 0.80859375 0.18125 0.16875
2 0.503125 0.52734375 0.240625 0.1125
2 0.1375 0.1578125 0.275 0.315625
2 0.8921875 0.35234375 0.1296875 0.0375
2 0.653125 0.65703125 0.090625 0.040625
2 0.05703125 0.4015625 0.1140625 0.115625
2 0.9453125 0.17578125 0.046875 0.071875
2 0.78203125 0.596875 0.05 0.05
2 0.88203125 0.60546875 0.06875 0.078125
2 0.22109375 0.21484375 0.125 0.18125
2 0.38984375 0.83828125 0.1125 0.278125
2 0.471875 0.08046875 0.146875 0.09375
2 0.3546875 0.121875 0.0921875 0.109375
2 0.6375 0.2671875 0.0953125 0.034375
2 0.96171875 0.5578125 0.0765625 0.171875
2 0.228125 0.6703125 0.15 0.059375
2 0.26640625 0.61640625 0.096875 0.046875
2 0.73359375 0.6296875 0.0703125 0.03125
2 0.75 0.88515625 0.221875 0.046875
2 0.55859375 0.615625 0.0515625 0.096875
2 0.6109375 0.1140625 0.11875 0.15
2 0.7078125 0.25625 0.075 0.153125
2 0.746875 0.03359375 0.059375 0.05625
2 0.27890625 0.903125 0.109375 0.171875
2 0.28359375 0.08671875 0.1 0.146875
2 0.209375 0.4421875 0.1484375 0.20625
2 0.496875 0.13984375 0.1375 0.121875
2 0.41484375 0.3375 0.3078125 0.278125
2 0.43984375 0.6 0.146875 0.2
2 0.590625 0.66953125 0.328125 0.115625
2 0.3765625 0.64296875 0.1953125 0.16875
2 0.42265625 0.32734375 0.3015625 0.2578125