1 0.815625 0.34375 0.09375 0.171875
1 0.559375 0.56484375 0.08125 0.075
1 0.515625 0.52578125 0.0875 0.0875
1 0.6 0.28828125 0.11875 0.153125
1 0.56796875 0.61953125 0.078125 0.075
1 0.22734375 0.36875 0.0734375 0.075
1 0.1546875 0.3015625 0.1671875 0.1109375
1 0.7015625 0.34140625 0.1015625 0.121875
1 0.74453125 0.15625 0.2390625 0.2703125
1 0.334375 0.51796875 0.06875 0.084375
1 0.35703125 0.475 0.0671875 0.0640625
1 0.24140625 0.296875 0.096875 0.0875
1 0.75234375 0.46953125 0.1390625 0.209375
1 0.49140625 0.44609375 0.096875 0.071875
1 0.425 0.53359375 0.0984375 0.103125
1 0.9125 0.4171875 0.1140625 0.1171875
1 0.50625 0.63984375 0.0640625 0.065625
1 0.37109375 0.2734375 0.10625 0.121875
1 0.63515625 0.6078125 0.065625 0.06875
1 0.69375 0.51953125 0.096875 0.084375
1 0.1453125 0.42265625 0.13125 0.1734375
1 0.88125 0.50546875 0.0453125 0.0578125
1 0.26171875 0.484375 0.071875 0.1125
1 0.0390625 0.36640625 0.0765625 0.0453125
1 0.46328125 0.35390625 0.10625 0.1515625
1 0.2828125 0.24453125 0.0609375 0.0484375
1 0.27890625 0.4078125 0.05625 0.0640625
1 0.628125 0.52109375 0.09375 0.0546875
1 0.5078125 0.15625 0.296875 0.209375
1 0.4203125 0.32734375 0.0953125 0.08125
1 0.3640625 0.39609375 0.075 0.115625
1 0.65 0.2390625 0.040625 0.0609375
1 0.63515625 0.47421875 0.134375 0.071875
1 0.5375 0.46484375 0.059375 0.05625
1 0.28984375 0.3546875 0.034375 0.05625
1 0.8859375 0.34375 0.0859375 0.16875
1 0.7109375 0.2671875 0.0640625 0.0546875
1 0.0390625 0.4421875 0.075 0.0421875
1 0.184375 0.4109375 0.078125 0.05625
1 0.41171875 0.478125 0.040625 0.0734375
1 0.73515625 0.59375 0.04375 0.065625
1 0.46796875 0.57421875 0.10625 0.053125
1 0.17578125 0.0796875 0.028125 0.015625
1 0.94921875 0.459375 0.0453125 0.0421875
1 0.41875 0.39375 0.053125 0.0875
1 0.56953125 0.51015625 0.0484375 0.046875