2 0.92265625 0.44609375 0.153125 0.325
2 0.74921875 0.6015625 0.18125 0.08125
2 0.1109375 0.3328125 0.221875 0.115625
2 0.78125 0.3484375 0.065625 0.0625
2 0.625 0.21953125 0.059375 0.0625
2 0.9484375 0.65234375 0.084375 0.10625
2 0.65 0.29140625 0.025 0.14375
2 0.97265625 0.32734375 0.028125 0.10625
2 0.4578125 0.37421875 0.2734375 0.253125
2 0.10078125 0.0609375 0.059375 0.0609375
2 0.93203125 0.75546875 0.0875 0.0765625
2 0.5671875 0.55625 0.246875 0.090625
2 0.56484375 0.37734375 0.1234375 0.059375
2 0.16796875 0.1140625 0.053125 0.03125
2 0.54609375 0.221875 0.065625 0.059375
2 0.096875 0.37734375 0.10625 0.025
2 0.78828125 0.49375 0.115625 0.053125
2 0.47578125 0.06171875 0.140625 0.1203125
2 0.6546875 0.3671875 0.0375 0.040625
2 0.8734375 0.85546875 0.05625 0.146875
2 0.33671875 0.478125 0.05 0.0625
2 0.634375 0.08515625 0.025 0.1234375
2 0.84453125 0.62578125 0.0109375 0.13125
2 0.97890625 0.53671875 0.040625 0.04375
2 0.62890625 0.45078125 0.103125 0.08125
2 0.71640625 0.465625 0.103125 0.071875
2 0.596875 0.13984375 0.0515625 0.0328125
2 0.9890625 0.7734375 0.009375 0.128125
2 0.58984375 0.0859375 0.071875 0.153125
2 0.29453125 0.31640625 0.084375 0.1328125
2 0.5609375 0.5078125 0.084375 0.06875
2 0.7296875 0.38125 0.109375 0.0921875
2 0.915625 0.4390625 0.165625 0.1515625