0 0.08125 0.915625 0.121875 0.1625
0 0.3140625 0.79765625 0.0984375 0.084375
0 0.1265625 0.63671875 0.253125 0.3890625
0 0.278125 0.91015625 0.28125 0.175
0 0.859375 0.0515625 0.19375 0.103125
0 0.090625 0.39609375 0.18125 0.340625
0 0.165625 0.30078125 0.103125 0.225
0 0.2375 0.32578125 0.0625 0.221875
0 0.28515625 0.3546875 0.046875 0.1734375
0 0.03359375 0.10703125 0.0328125 0.2140625
0 0.67265625 0.0453125 0.1125 0.090625
0 0.48984375 0.40859375 0.296875 0.346875
0 0.66171875 0.24296875 0.1703125 0.1640625
0 0.72421875 0.1640625 0.18125 0.11875
0 0.77890625 0.12734375 0.0875 0.13125
0 0.49375 0.096875 0.2546875 0.096875
0 0.3734375 0.0515625 0.23125 0.103125
0 0.53984375 0.03125 0.103125 0.0625
0 0.2140625 0.1765625 0.2 0.2046875
0 0.3453125 0.20859375 0.1921875 0.2953125
0 0.4625 0.56875 0.1 0.3
0 0.175 0.72578125 0.1484375 0.20625
0 0.4703125 0.73203125 0.1078125 0.140625
0 0.35703125 0.80625 0.1359375 0.1515625
0 0.03984375 0.584375 0.078125 0.1421875
0 0.78515625 0.3671875 0.1421875 0.14375
0 0.80546875 0.25078125 0.1203125 0.121875
0 0.6828125 0.478125 0.05625 0.109375