2 0.06953125 0.434375 0.13828125 0.08515625
2 0.4796875 0.18125 0.27890625 0.2359375
2 0.9578125 0.41796875 0.0734375 0.184375
2 0.8640625 0.709375 0.175 0.03828125
2 0.4453125 0.621875 0.34296875 0.26328125
2 0.50234375 0.415625 0.2875 0.196875
2 0.69375 0.221875 0.14765625 0.175
2 0.70703125 0.36484375 0.14609375 0.14375
2 0.8546875 0.38125 0.16640625 0.15703125
2 0.94453125 0.3390625 0.1109375 0.059375
2 0.29453125 0.35703125 0.16484375 0.1921875
2 0.803125 0.625 0.39375 0.20859375
2 0.75234375 0.48125 0.25390625 0.09296875