2 0.51171875 0.55546875 0.253125 0.2796875
2 0.68984375 0.5875 0.05625 0.14375
2 0.609375 0.5421875 0.084375 0.1953125
2 0.61171875 0.92421875 0.1421875 0.05625
2 0.38515625 0.203125 0.225 0.109375
2 0.515625 0.28828125 0.103125 0.10625
2 0.24453125 0.578125 0.1375 0.115625
2 0.571875 0.37265625 0.09375 0.1046875
2 0.5578125 0.71171875 0.05625 0.109375
2 0.20234375 0.8078125 0.134375 0.046875
2 0.72109375 0.76484375 0.096875 0.196875
2 0.040625 0.2984375 0.078125 0.13125
2 0.11484375 0.48359375 0.19375 0.2859375
2 0.7953125 0.56484375 0.034375 0.090625
2 0.50078125 0.90703125 0.071875 0.153125
2 0.58828125 0.15703125 0.0453125 0.125
2 0.44140625 0.834375 0.084375 0.1390625
2 0.26875 0.1015625 0.259375 0.075
2 0.7421875 0.5109375 0.0375 0.11875
2 0.765625 0.70703125 0.08125 0.034375
2 0.26796875 0.8015625 0.065625 0.0640625
2 0.18984375 0.4125 0.034375 0.1125
2 0.59765625 0.86015625 0.096875 0.01875
2 0.8015625 0.4546875 0.059375 0.090625
2 0.08671875 0.1984375 0.028125 0.075
2 0.653125 0.95078125 0.021875 0.0984375
2 0.65234375 0.26875 0.040625 0.1125
2 0.59921875 0.7796875 0.203125 0.196875
2 0.6765625 0.434375 0.1109375 0.1625
2 0.30078125 0.35625 0.5125 0.20625
2 0.10078125 0.1125 0.059375 0.2