2 0.5328125 0.384375 0.0375 0.140625
2 0.72734375 0.4984375 0.03125 0.13125
2 0.653125 0.690625 0.05 0.0859375
2 0.884375 0.48515625 0.06875 0.08125
2 0.3125 0.740625 0.034375 0.08125
2 0.23671875 0.72421875 0.01875 0.071875
2 0.44453125 0.54453125 0.05 0.1109375
2 0.92421875 0.296875 0.1390625 0.0828125
2 0.615625 0.64375 0.0359375 0.103125
2 0.21640625 0.7453125 0.0265625 0.0625
2 0.65859375 0.75390625 0.06875 0.05
2 0.59609375 0.68828125 0.075 0.05625
2 0.478125 0.471875 0.0296875 0.084375
2 0.515625 0.684375 0.0609375 0.090625
2 0.72890625 0.58984375 0.046875 0.0921875
2 0.340625 0.59140625 0.0390625 0.0765625
2 0.6265625 0.51484375 0.096875 0.053125
2 0.09921875 0.68359375 0.05 0.06875
2 0.2828125 0.68984375 0.01875 0.075
2 0.28984375 0.78046875 0.0484375 0.075
2 0.57265625 0.6171875 0.075 0.0921875
2 0.8109375 0.3921875 0.05 0.0484375
0 0.57265625 0.8828125 0.065625 0.025
2 0.190625 0.73515625 0.034375 0.046875
2 0.2046875 0.58359375 0.0265625 0.059375
2 0.23203125 0.615625 0.028125 0.046875
2 0.56015625 0.7828125 0.0625 0.084375
2 0.48515625 0.7859375 0.059375 0.075
2 0.465625 0.665625 0.075 0.0875
2 0.79140625 0.60546875 0.04375 0.103125
2 0.70234375 0.72265625 0.046875 0.0359375
2 0.26953125 0.83671875 0.0171875 0.0484375
2 0.3953125 0.76953125 0.0421875 0.0625
2 0.6140625 0.353125 0.059375 0.046875
2 0.17421875 0.58046875 0.025 0.05
2 0.58203125 0.44140625 0.0828125 0.034375
2 0.625 0.78203125 0.071875 0.0375
2 0.15546875 0.71640625 0.03125 0.059375
2 0.659375 0.57265625 0.021875 0.05625
2 0.7484375 0.65625 0.0359375 0.053125
2 0.33671875 0.6671875 0.040625 0.0671875
2 0.3421875 0.80390625 0.025 0.08125
2 0.6734375 0.4625 0.053125 0.0453125
2 0.41328125 0.4734375 0.096875 0.1125
0 0.81484375 0.934375 0.0234375 0.009375
2 0.05390625 0.68046875 0.046875 0.0625
2 0.115625 0.640625 0.01875 0.0359375
2 0.2 0.8078125 0.0703125 0.025
2 0.78359375 0.34375 0.021875 0.13125
2 0.725 0.334375 0.034375 0.04375
2 0.53359375 0.8265625 0.0609375 0.028125
2 0.30625 0.83046875 0.01875 0.0390625
2 0.37890625 0.66484375 0.028125 0.078125
2 0.79375 0.490625 0.040625 0.0375
2 0.8953125 0.52890625 0.065625 0.034375
2 0.16328125 0.78828125 0.0453125 0.053125
0 0.73359375 0.9671875 0.0625 0.0578125
2 0.68984375 0.30234375 0.04375 0.04375
2 0.9375 0.51484375 0.046875 0.04375
2 0.38125 0.83671875 0.04375 0.01875
2 0.83671875 0.575 0.046875 0.0328125
2 0.39453125 0.80703125 0.05625 0.025
2 0.29609375 0.56328125 0.03125 0.075
2 0.23984375 0.5515625 0.040625 0.0328125
2 0.1328125 0.62109375 0.021875 0.034375
2 0.2375 0.834375 0.0421875 0.01875
2 0.71328125 0.25234375 0.04375 0.05625
2 0.63515625 0.54765625 0.025 0.028125
2 0.12578125 0.74921875 0.0359375 0.028125
2 0.684375 0.525 0.0484375 0.1203125
2 0.83515625 0.50703125 0.096875 0.115625
2 0.21015625 0.65703125 0.053125 0.06875
2 0.25859375 0.6875 0.028125 0.096875
2 0.5171875 0.50703125 0.09375 0.0859375
2 0.45546875 0.8359375 0.1 0.04375
2 0.7 0.66796875 0.053125 0.071875
2 0.875 0.57421875 0.08125 0.0515625
2 0.82109375 0.2859375 0.08125 0.109375
2 0.94375 0.41875 0.0625 0.090625
2 0.86796875 0.39140625 0.10625 0.053125
2 0.86640625 0.35625 0.125 0.0515625
2 0.678125 0.61796875 0.096875 0.05
2 0.64921875 0.6921875 0.065625 0.103125
2 0.3625 0.515625 0.075 0.0796875
2 0.67890625 0.36640625 0.1015625 0.121875
2 0.3890625 0.60390625 0.046875 0.0484375
2 0.75390625 0.93046875 0.1171875 0.05625
2 0.84453125 0.91953125 0.0515625 0.0328125
2 0.4875 0.75625 0.084375 0.096875
2 0.171875 0.65078125 0.0546875 0.0703125
2 0.56796875 0.36796875 0.0578125 0.140625
2 0.61328125 0.3015625 0.075 0.090625
2 0.5203125 0.57421875 0.075 0.06875
2 0.4203125 0.6828125 0.040625 0.06875
2 0.30078125 0.65 0.0375 0.08125
2 0.2703125 0.60234375 0.053125 0.0703125
2 0.1328125 0.77890625 0.0265625 0.034375
2 0.75625 0.521875 0.05625 0.15625
2 0.75390625 0.41875 0.0671875 0.071875