0 0.38125 0.9578125 0.1953125 0.08125
0 0.8046875 0.55234375 0.1328125 0.11875
0 0.41640625 0.68984375 0.140625 0.1375
0 0.73125 0.60859375 0.259375 0.140625
0 0.596875 0.2203125 0.0359375 0.128125
0 0.21484375 0.78828125 0.259375 0.3109375
0 0.1546875 0.415625 0.2578125 0.1171875
0 0.4171875 0.48828125 0.6421875 0.046875
0 0.04453125 0.2671875 0.0875 0.015625
0 0.1390625 0.2609375 0.0375 0.053125
0 0.03125 0.365625 0.05 0.1328125
0 0.0765625 0.08828125 0.153125 0.1734375
0 0.07890625 0.390625 0.121875 0.1828125
0 0.3609375 0.5796875 0.284375 0.1421875
0 0.38515625 0.25703125 0.053125 0.16875
0 0.4734375 0.8203125 0.4671875 0.2578125
0 0.665625 0.265625 0.0765625 0.259375
0 0.7015625 0.35859375 0.06875 0.1515625
0 0.7234375 0.7265625 0.1375 0.146875
0 0.65546875 0.8328125 0.13125 0.0734375
0 0.165625 0.5640625 0.15625 0.334375
0 0.06484375 0.2109375 0.1296875 0.1375
0 0.2390625 0.28046875 0.040625 0.3203125
0 0.3 0.0578125 0.209375 0.109375
0 0.44609375 0.32109375 0.175 0.4859375
0 0.55 0.284375 0.1625 0.303125
0 0.06796875 0.6453125 0.1359375 0.1421875