0 0.31640625 0.58359375 0.12265625 0.14765625
0 0.08203125 0.5125 0.04765625 0.0875
0 0.121875 0.5328125 0.0546875 0.07890625
0 0.175 0.52890625 0.06171875 0.1171875
0 0.1390625 0.43125 0.06171875 0.0703125
0 0.03203125 0.3921875 0.0640625 0.13125
0 0.1921875 0.42734375 0.0734375 0.0875
0 0.2765625 0.51796875 0.053125 0.0859375
0 0.23359375 0.5140625 0.0546875 0.15234375
0 0.665625 0.7453125 0.14765625 0.24765625
0 0.7828125 0.71640625 0.09765625 0.1546875
0 0.76640625 0.65234375 0.10546875 0.16015625
0 0.759375 0.56796875 0.1234375 0.1609375
0 0.71171875 0.46953125 0.15 0.1109375
0 0.5484375 0.54765625 0.128125 0.3
0 0.49765625 0.6953125 0.0609375 0.12734375
0 0.56015625 0.76484375 0.09453125 0.1125
0 0.49453125 0.46171875 0.0734375 0.12109375
0 0.44921875 0.39453125 0.09140625 0.1484375
0 0.40078125 0.57890625 0.13984375 0.35234375