0 0.23671875 0.8828125 0.18125 0.2109375
0 0.57109375 0.67421875 0.1875 0.284375
0 0.26484375 0.4859375 0.096875 0.346875
0 0.303125 0.75703125 0.08125 0.19375
0 0.0734375 0.065625 0.146875 0.13125
0 0.2234375 0.6484375 0.090625 0.240625
0 0.1546875 0.38984375 0.078125 0.2421875
0 0.5609375 0.33359375 0.128125 0.384375
0 0.34609375 0.48359375 0.065625 0.259375
0 0.3984375 0.6125 0.05 0.14375
0 0.72109375 0.49296875 0.19375 0.321875
0 0.53046875 0.171875 0.0484375 0.04375
0 0.38515625 0.74296875 0.071875 0.128125
0 0.45390625 0.69375 0.053125 0.0953125
0 0.24453125 0.134375 0.140625 0.109375
0 0.41796875 0.4796875 0.065625 0.175
0 0.74453125 0.24921875 0.046875 0.0703125
0 0.778125 0.2734375 0.0578125 0.109375
0 0.23984375 0.22421875 0.109375 0.146875
0 0.36875 0.3796875 0.03125 0.109375
0 0.50234375 0.35859375 0.0375 0.0609375
0 0.1984375 0.66875 0.021875 0.071875
0 0.49140625 0.2203125 0.0609375 0.11875
0 0.73671875 0.3140625 0.04375 0.059375
0 0.42578125 0.35078125 0.05 0.078125
0 0.08359375 0.49921875 0.04375 0.0515625
0 0.84375 0.27734375 0.1015625 0.15
0 0.67890625 0.76875 0.13125 0.28125
0 0.27421875 0.05703125 0.1875 0.109375
0 0.1625 0.05546875 0.25 0.1109375
0 0.396875 0.0625 0.2375 0.11875
0 0.378125 0.1640625 0.19375 0.153125