0 0.453125 0.66328125 0.10625 0.1046875
0 0.36328125 0.809375 0.246875 0.18125
0 0.525 0.74296875 0.203125 0.171875
0 0.91796875 0.12578125 0.1609375 0.125
0 0.296875 0.92578125 0.390625 0.1375
0 0.83515625 0.9359375 0.3296875 0.128125
0 0.84765625 0.7703125 0.1 0.128125
0 0.75390625 0.69296875 0.2171875 0.1125
0 0.62265625 0.63125 0.1015625 0.2046875
0 0.32578125 0.61015625 0.346875 0.178125
0 0.14921875 0.80859375 0.2984375 0.2609375
0 0.04453125 0.5796875 0.0875 0.1109375
0 0.571875 0.88671875 0.1640625 0.21875
0 0.10234375 0.60546875 0.1515625 0.0890625
0 0.428125 0.4109375 0.196875 0.128125
0 0.30234375 0.46796875 0.1078125 0.075
0 0.6859375 0.3984375 0.2640625 0.115625
0 0.7234375 0.35703125 0.18125 0.065625
0 0.6984375 0.30625 0.09375 0.06875
0 0.88828125 0.29453125 0.121875 0.115625
0 0.76484375 0.4625 0.23125 0.140625
0 0.975 0.2671875 0.05 0.1203125
0 0.76015625 0.78515625 0.11875 0.053125
0 0.6921875 0.765625 0.103125 0.05