2 0.31484375 0.875 0.128125 0.1
2 0.84765625 0.57734375 0.3046875 0.203125
2 0.31640625 0.78515625 0.2859375 0.15
2 0.62421875 0.76875 0.190625 0.1
2 0.378125 0.2921875 0.1359375 0.09375
2 0.71015625 0.42734375 0.1265625 0.190625
2 0.83671875 0.3609375 0.075 0.096875
2 0.58125 0.671875 0.371875 0.1828125
2 0.8921875 0.59609375 0.215625 0.1390625
2 0.375 0.3375 0.225 0.0359375
2 0.09921875 0.75234375 0.1515625 0.1203125
2 0.5546875 0.47265625 0.11875 0.16875
2 0.1984375 0.8609375 0.1 0.1125
2 0.8109375 0.87109375 0.15625 0.103125
2 0.0359375 0.815625 0.05625 0.0296875
2 0.69609375 0.51640625 0.3171875 0.190625
2 0.9375 0.40390625 0.125 0.1203125