0 0.5796875 0.41953125 0.3171875 0.528125
0 0.51015625 0.71875 0.1 0.1625
0 0.21484375 0.41796875 0.10625 0.15625
0 0.47109375 0.54765625 0.09375 0.1859375
0 0.32578125 0.1640625 0.3234375 0.059375
0 0.76328125 0.821875 0.2734375 0.35625
0 0.603125 0.06796875 0.115625 0.1359375
1 0.5390625 0.17109375 0.0625 0.090625
1 0.63984375 0.78125 0.05625 0.13125
0 0.2875 0.19296875 0.3203125 0.03125
0 0.26875 0.24375 0.4125 0.0875
0 0.1921875 0.36875 0.178125 0.115625
0 0.19296875 0.290625 0.190625 0.103125
0 0.421875 0.36953125 0.0625 0.125
0 0.4 0.60078125 0.165625 0.25
0 0.34375 0.40859375 0.103125 0.1875
0 0.47265625 0.8046875 0.0890625 0.1734375
0 0.2171875 0.52890625 0.0625 0.0796875
0 0.6078125 0.403125 0.29375 0.5421875
0 0.59609375 0.86640625 0.109375 0.11875