0 0.6328125 0.68203125 0.075 0.0953125
0 0.08125 0.1484375 0.0703125 0.1109375
0 0.14453125 0.36484375 0.246875 0.278125
0 0.06640625 0.715625 0.121875 0.28125
0 0.54296875 0.79375 0.178125 0.1859375
0 0.76328125 0.575 0.1640625 0.275
0 0.1046875 0.2203125 0.20625 0.31875
0 0.10234375 0.4890625 0.0875 0.125
0 0.57109375 0.3515625 0.0953125 0.1296875
0 0.19296875 0.5171875 0.1484375 0.078125
0 0.60546875 0.2484375 0.2 0.16875
0 0.6859375 0.8953125 0.084375 0.1453125
0 0.64609375 0.7765625 0.1453125 0.140625
0 0.36171875 0.69296875 0.521875 0.365625
0 0.5890625 0.4953125 0.28125 0.175
0 0.65234375 0.3765625 0.1125 0.075
0 0.446875 0.3484375 0.2 0.165625
0 0.40078125 0.2 0.1921875 0.165625
0 0.284375 0.27265625 0.1859375 0.353125
0 0.80078125 0.3265625 0.19375 0.2296875