2 0.50234375 0.365625 0.203125 0.175
2 0.67421875 0.37265625 0.0984375 0.0609375
2 0.7421875 0.5015625 0.2125 0.08125
2 0.79453125 0.43125 0.0875 0.078125
2 0.815625 0.31328125 0.0515625 0.0859375
2 0.203125 0.434375 0.090625 0.040625
2 0.54921875 0.49140625 0.08125 0.15625
2 0.93828125 0.2671875 0.05 0.0328125
2 0.85859375 0.33984375 0.0453125 0.10625
2 0.8484375 0.1640625 0.1546875 0.2109375
2 0.25703125 0.38828125 0.08125 0.1046875
2 0.47109375 0.71328125 0.040625 0.084375
2 0.65703125 0.30390625 0.0921875 0.1703125
2 0.60390625 0.1828125 0.2 0.171875
2 0.27890625 0.4765625 0.0625 0.0453125
2 0.78515625 0.2578125 0.0625 0.121875
2 0.6875 0.178125 0.0484375 0.159375
2 0.4921875 0.6265625 0.040625 0.08125
3 0.8015625 0.83125 0.046875 0.31875
2 0.4625 0.471875 0.090625 0.084375
2 0.53515625 0.54609375 0.0125 0.034375
2 0.97578125 0.275 0.0484375 0.071875
2 0.71328125 0.31484375 0.0625 0.15625
2 0.25859375 0.44296875 0.04375 0.0484375
2 0.89765625 0.24609375 0.065625 0.0734375
2 0.384375 0.51640625 0.103125 0.2125
2 0.5765625 0.42578125 0.159375 0.23125
2 0.4421875 0.21484375 0.1796875 0.159375
2 0.359375 0.36640625 0.103125 0.146875
2 0.73828125 0.3640625 0.1515625 0.29375
2 0.50546875 0.59609375 0.165625 0.259375