3 0.93359375 0.7765625 0.1328125 0.11875
0 0.3125 0.428125 0.215625 0.14375
0 0.77421875 0.659375 0.06875 0.084375
0 0.196875 0.4375 0.078125 0.0875
0 0.50625 0.1390625 0.121875 0.125
3 0.57734375 0.6078125 0.2375 0.19375
3 0.884375 0.675 0.109375 0.0734375
0 0.2 0.26171875 0.24375 0.4234375
2 0.09375 0.671875 0.021875 0.015625
0 0.60390625 0.30703125 0.04375 0.0640625
0 0.3015625 0.734375 0.0625 0.015625
0 0.3109375 0.12578125 0.0375 0.075
0 0.45234375 0.69140625 0.103125 0.03125
0 0.2921875 0.784375 0.0734375 0.0375
0 0.10078125 0.79609375 0.0359375 0.0453125
0 0.5984375 0.23203125 0.0359375 0.021875
0 0.14140625 0.7875 0.046875 0.03125
0 0.34609375 0.303125 0.1171875 0.1
0 0.25234375 0.7515625 0.075 0.165625
0 0.33671875 0.7328125 0.0265625 0.01875
0 0.0625 0.79921875 0.121875 0.1109375
0 0.56328125 0.24765625 0.025 0.046875
3 0.44140625 0.5421875 0.246875 0.184375
0 0.3984375 0.24296875 0.396875 0.246875