0 0.43046875 0.80625 0.240625 0.190625
0 0.76953125 0.5234375 0.38125 0.5265625
1 0.5078125 0.09375 0.21875 0.184375
0 0.45234375 0.8953125 0.6875 0.209375
0 0.1109375 0.2140625 0.0875 0.134375
0 0.625 0.89453125 0.35625 0.2109375
0 0.7765625 0.71484375 0.2765625 0.11875
0 0.478125 0.42421875 0.340625 0.1234375
0 0.32265625 0.19453125 0.06875 0.2390625
0 0.2203125 0.228125 0.1 0.128125
0 0.146875 0.36484375 0.246875 0.1078125
0 0.38828125 0.321875 0.2328125 0.2
0 0.2203125 0.48828125 0.21875 0.2140625
0 0.090625 0.63359375 0.18125 0.2109375
0 0.24921875 0.55859375 0.1375 0.209375
0 0.4015625 0.54140625 0.190625 0.125