2 0.4109375 0.52109375 0.4359375 0.315625
2 0.91953125 0.60546875 0.025 0.0421875
2 0.13984375 0.16875 0.05625 0.15625
2 0.4359375 0.06484375 0.0453125 0.128125
2 0.6515625 0.8234375 0.35 0.353125
2 0.95703125 0.89375 0.05625 0.2125
2 0.45390625 0.73671875 0.05 0.06875
2 0.86796875 0.57265625 0.025 0.0859375
2 0.41953125 0.2375 0.059375 0.153125
2 0.04609375 0.0828125 0.03125 0.1546875
2 0.521875 0.09609375 0.165625 0.178125
2 0.27578125 0.6421875 0.203125 0.19375
2 0.21171875 0.60625 0.0703125 0.0796875
2 0.3765625 0.69453125 0.046875 0.04375
2 0.875 0.48203125 0.040625 0.01875
2 0.17421875 0.31171875 0.0625 0.1859375
2 0.88515625 0.4125 0.0953125 0.05
2 0.9359375 0.53359375 0.04375 0.0984375
2 0.09453125 0.11484375 0.05 0.146875
2 0.8734375 0.90859375 0.253125 0.1828125
2 0.71171875 0.34609375 0.28125 0.1171875
2 0.46953125 0.32578125 0.28125 0.159375
2 0.48125 0.7671875 0.2328125 0.240625