0 0.86953125 0.72109375 0.225 0.1671875
0 0.33984375 0.71484375 0.2484375 0.21875
0 0.66953125 0.66796875 0.16875 0.184375
0 0.575 0.51796875 0.1125 0.1875
0 0.50078125 0.7390625 0.10625 0.2046875
0 0.446875 0.51328125 0.1 0.190625
0 0.38828125 0.5671875 0.103125 0.075
0 0.38828125 0.509375 0.071875 0.0796875
0 0.596875 0.6140625 0.08125 0.1078125
0 0.228125 0.62578125 0.0734375 0.275
1 0.1453125 0.54609375 0.0375 0.034375
1 0.1078125 0.46796875 0.021875 0.0125
1 0.0671875 0.45390625 0.015625 0.0125
1 0.10078125 0.20703125 0.021875 0.0328125
1 0.159375 0.19375 0.0671875 0.0625
1 0.1203125 0.21015625 0.025 0.0328125
1 0.16875 0.22578125 0.028125 0.0375
1 0.19921875 0.20234375 0.0296875 0.0375
1 0.19609375 0.23203125 0.04375 0.040625
1 0.21875 0.1953125 0.015625 0.0296875
1 0.22890625 0.2359375 0.015625 0.040625