2 0.375 0.3140625 0.09375 0.109375
2 0.37109375 0.72109375 0.053125 0.1828125
2 0.665625 0.621875 0.2375 0.753125
2 0.45 0.215625 0.1875 0.3
2 0.3296875 0.5671875 0.0515625 0.1296875
2 0.4609375 0.3171875 0.071875 0.1015625
2 0.45703125 0.53984375 0.040625 0.121875
2 0.4890625 0.66328125 0.140625 0.3765625
2 0.31484375 0.45234375 0.053125 0.15
2 0.846875 0.921875 0.1109375 0.096875
2 0.22578125 0.70625 0.04375 0.028125
2 0.96953125 0.12109375 0.01875 0.146875
2 0.28359375 0.184375 0.0234375 0.109375
2 0.19375 0.309375 0.025 0.065625
2 0.503125 0.79453125 0.03125 0.11875
2 0.7484375 0.96015625 0.05625 0.075
2 0.5671875 0.93203125 0.103125 0.134375
2 0.81171875 0.9640625 0.046875 0.0375
2 0.28203125 0.83515625 0.134375 0.146875
2 0.26953125 0.6484375 0.115625 0.0359375
2 0.90859375 0.69296875 0.18125 0.1234375
2 0.78515625 0.88984375 0.03125 0.2203125
2 0.190625 0.6609375 0.065625 0.05
2 0.3796875 0.4671875 0.078125 0.153125
2 0.21328125 0.11015625 0.0453125 0.121875
2 0.32734375 0.9375 0.0734375 0.11875
2 0.3203125 0.234375 0.025 0.05
2 0.7203125 0.83203125 0.0484375 0.1140625
2 0.90390625 0.95859375 0.1796875 0.0828125
2 0.2703125 0.44140625 0.075 0.284375
2 0.659375 0.79453125 0.2046875 0.08125
2 0.64296875 0.15390625 0.05625 0.18125
2 0.7234375 0.11640625 0.1140625 0.23125