2 0.4671875 0.615625 0.03828125 0.140625
2 0.27265625 0.5015625 0.03046875 0.13203125
2 0.346875 0.309375 0.04921875 0.0859375
2 0.115625 0.51484375 0.06953125 0.08203125
2 0.6875 0.259375 0.034375 0.08203125
2 0.76328125 0.27578125 0.01796875 0.071875
2 0.55546875 0.45546875 0.04921875 0.1109375
2 0.07578125 0.703125 0.1390625 0.0828125
2 0.384375 0.35625 0.0359375 0.103125
2 0.78359375 0.2546875 0.0265625 0.06328125
2 0.34140625 0.24609375 0.06796875 0.04921875
2 0.40390625 0.31171875 0.075 0.05625
2 0.521875 0.528125 0.0296875 0.08515625
2 0.484375 0.315625 0.0609375 0.08984375
2 0.27109375 0.41015625 0.04765625 0.0921875
2 0.659375 0.40859375 0.0390625 0.0765625
2 0.3734375 0.48515625 0.09609375 0.05390625
2 0.90078125 0.31640625 0.04921875 0.06953125
2 0.7171875 0.31015625 0.01953125 0.07421875
2 0.71015625 0.21953125 0.0484375 0.07421875
2 0.42734375 0.3828125 0.075 0.0921875
2 0.1890625 0.6078125 0.04921875 0.0484375
0 0.42734375 0.1171875 0.065625 0.02578125
2 0.809375 0.26484375 0.03359375 0.04609375
2 0.7953125 0.41640625 0.0265625 0.05859375
2 0.76796875 0.384375 0.028125 0.04765625
2 0.43984375 0.2171875 0.0625 0.08515625
2 0.51484375 0.2140625 0.059375 0.07421875
2 0.534375 0.334375 0.07421875 0.08828125
2 0.20859375 0.39453125 0.04375 0.10234375
2 0.29765625 0.27734375 0.04765625 0.0359375
2 0.73046875 0.16328125 0.0171875 0.0484375
2 0.6046875 0.23046875 0.0421875 0.06328125
2 0.3859375 0.646875 0.059375 0.04609375
2 0.82578125 0.41953125 0.02578125 0.05078125
2 0.41796875 0.55859375 0.0828125 0.03359375
2 0.375 0.21796875 0.07109375 0.03828125
2 0.84453125 0.28359375 0.03046875 0.05859375
2 0.340625 0.42734375 0.02109375 0.05703125
2 0.2515625 0.34375 0.0359375 0.05234375
2 0.66328125 0.3328125 0.04140625 0.0671875
2 0.6578125 0.19609375 0.025 0.08203125
2 0.3265625 0.5375 0.053125 0.0453125
2 0.58671875 0.5265625 0.09765625 0.1125
0 0.18515625 0.065625 0.0234375 0.01015625
2 0.94609375 0.31953125 0.046875 0.06171875
2 0.884375 0.359375 0.01875 0.0359375
2 0.8 0.1921875 0.0703125 0.025
2 0.21640625 0.65625 0.021875 0.13046875
2 0.275 0.665625 0.03515625 0.04453125
2 0.46640625 0.1734375 0.0609375 0.028125
2 0.69375 0.16953125 0.01953125 0.0390625
2 0.62109375 0.33515625 0.028125 0.07734375
2 0.20625 0.509375 0.03984375 0.03828125
2 0.1046875 0.47109375 0.06640625 0.03515625
2 0.83671875 0.21171875 0.0453125 0.05234375
0 0.26640625 0.0328125 0.0625 0.0578125
2 0.31015625 0.69765625 0.04296875 0.04453125
2 0.0625 0.48515625 0.04765625 0.04375
2 0.61875 0.16328125 0.04453125 0.01796875
2 0.16328125 0.425 0.04765625 0.0328125
2 0.60546875 0.19296875 0.05625 0.02421875
2 0.70390625 0.43671875 0.03046875 0.075
2 0.76015625 0.4484375 0.04140625 0.0328125
2 0.8671875 0.37890625 0.021875 0.034375
2 0.7625 0.165625 0.0421875 0.01875
2 0.28671875 0.74765625 0.04453125 0.05625
2 0.36484375 0.45234375 0.025 0.02890625
2 0.87421875 0.25078125 0.0359375 0.028125
2 0.315625 0.475 0.0484375 0.1203125
2 0.16484375 0.49296875 0.096875 0.115625
2 0.78984375 0.34296875 0.05234375 0.06796875
2 0.74140625 0.3125 0.02734375 0.09609375
2 0.4828125 0.49296875 0.09296875 0.0859375
2 0.54453125 0.1640625 0.09921875 0.04296875
2 0.3 0.33203125 0.05234375 0.07265625
2 0.125 0.42578125 0.08203125 0.0515625
2 0.17890625 0.7140625 0.08046875 0.109375
2 0.05625 0.58125 0.06328125 0.090625
2 0.13203125 0.60859375 0.10546875 0.053125
2 0.13359375 0.64375 0.12421875 0.0515625
2 0.321875 0.38203125 0.09765625 0.04921875
2 0.35078125 0.3078125 0.06484375 0.10234375
2 0.6375 0.484375 0.07421875 0.0796875
2 0.32109375 0.63359375 0.1015625 0.12265625
2 0.6109375 0.39609375 0.04765625 0.0484375
2 0.24609375 0.06953125 0.1171875 0.05703125
2 0.15546875 0.08046875 0.0515625 0.0328125
2 0.5125 0.24375 0.08515625 0.096875
2 0.828125 0.34921875 0.0546875 0.0703125
2 0.43203125 0.63203125 0.0578125 0.13984375
2 0.38671875 0.6984375 0.075 0.09140625
2 0.4796875 0.42578125 0.07578125 0.06796875
2 0.5796875 0.3171875 0.04140625 0.06796875
2 0.69921875 0.35 0.03671875 0.08046875
2 0.7296875 0.39765625 0.05234375 0.0703125
2 0.8671875 0.22109375 0.0265625 0.034375
2 0.24375 0.478125 0.05625 0.15546875
2 0.24609375 0.58125 0.0671875 0.07265625