0 0.76796875 0.51953125 0.2078125 0.215625
0 0.83671875 0.44140625 0.228125 0.146875
0 0.64453125 0.54765625 0.09453125 0.2140625
0 0.64140625 0.3734375 0.1484375 0.09609375
0 0.2625 0.5203125 0.13671875 0.17578125
0 0.665625 0.45859375 0.1140625 0.11328125
1 0.4765625 0.77421875 0.0484375 0.05625
1 0.7984375 0.65234375 0.103125 0.2375
1 0.8796875 0.5796875 0.1375 0.11875
1 0.6984375 0.8046875 0.0859375 0.1703125
1 0.56953125 0.825 0.2171875 0.221875
1 0.728125 0.778125 0.1640625 0.428125
1 0.73359375 0.66484375 0.05625 0.20546875
0 0.16796875 0.53046875 0.20546875 0.18359375
0 0.37109375 0.65703125 0.21640625 0.17890625
0 0.571875 0.3265625 0.090625 0.146875
0 0.9 0.29140625 0.1234375 0.184375
0 0.29765625 0.66796875 0.0734375 0.15859375
0 0.87421875 0.709375 0.05859375 0.52421875
0 0.73359375 0.403125 0.10859375 0.06875
0 0.6359375 0.66484375 0.05078125 0.14765625
0 0.7625 0.290625 0.19375 0.18203125
0 0.89453125 0.78828125 0.2109375 0.3796875
0 0.73125 0.528125 0.096875 0.0859375
0 0.39765625 0.4046875 0.15234375 0.3078125
0 0.56875 0.44765625 0.10546875 0.1375
0 0.7828125 0.2015625 0.11796875 0.1640625
0 0.2046875 0.38984375 0.13203125 0.1328125
0 0.70234375 0.2875 0.084375 0.13125
0 0.39609375 0.31171875 0.2609375 0.38125
0 0.6875 0.64375 0.07265625 0.18515625
0 0.7515625 0.165625 0.0796875 0.02265625
0 0.61953125 0.32265625 0.08984375 0.08984375
0 0.325 0.7515625 0.06640625 0.04296875
0 0.53203125 0.38203125 0.0328125 0.0421875
0 0.64609375 0.2625 0.05625 0.12109375
0 0.4953125 0.57734375 0.07578125 0.13359375
0 0.215625 0.7 0.10625 0.0375
0 0.34765625 0.48359375 0.0921875 0.11015625
0 0.0375 0.5703125 0.075 0.103125
0 0.534375 0.26640625 0.1046875 0.259375
0 0.48671875 0.14375 0.06640625 0.0140625
0 0.89296875 0.259375 0.06015625 0.51875
0 0.05859375 0.396875 0.1171875 0.33359375
0 0.72109375 0.2125 0.05234375 0.07578125