1 0.47109375 0.48359375 0.1390625 0.175
1 0.3546875 0.7296875 0.065625 0.046875
1 0.62421875 0.18125 0.071875 0.0765625
1 0.26875 0.75859375 0.115625 0.1125
1 0.403125 0.571875 0.115625 0.125
1 0.57734375 0.73046875 0.1 0.103125
1 0.82265625 0.71796875 0.071875 0.053125
1 0.9078125 0.55390625 0.1453125 0.1484375
1 0.78828125 0.56640625 0.096875 0.096875
1 0.70078125 0.4234375 0.0703125 0.09375
1 0.75703125 0.2609375 0.084375 0.159375
1 0.69921875 0.178125 0.078125 0.06875
1 0.671875 0.13359375 0.0609375 0.040625
1 0.26875 0.628125 0.034375 0.059375
1 0.209375 0.653125 0.065625 0.05625
1 0.48984375 0.73515625 0.04375 0.071875
1 0.68203125 0.72421875 0.075 0.0296875
1 0.6984375 0.6828125 0.0375 0.05
1 0.65390625 0.7 0.0421875 0.028125
1 0.8203125 0.80625 0.04375 0.046875
1 0.91171875 0.7375 0.04375 0.0375
1 0.93671875 0.640625 0.034375 0.04375
1 0.89765625 0.67890625 0.0703125 0.065625
1 0.8421875 0.6375 0.0625 0.040625
1 0.8 0.671875 0.090625 0.09375
1 0.73828125 0.515625 0.090625 0.109375
1 0.7609375 0.46328125 0.065625 0.10625
1 0.6625 0.515625 0.11875 0.10625
1 0.66484375 0.6 0.075 0.053125
1 0.6046875 0.61171875 0.06875 0.075
1 0.478125 0.65390625 0.09375 0.090625
1 0.36796875 0.65234375 0.05 0.0578125
1 0.30546875 0.6109375 0.05 0.0609375
1 0.28671875 0.55546875 0.0703125 0.0859375
1 0.2921875 0.45703125 0.0765625 0.075
1 0.36953125 0.38203125 0.05625 0.059375
1 0.4109375 0.30078125 0.021875 0.040625
1 0.5515625 0.17578125 0.078125 0.0578125
1 0.39921875 0.14765625 0.028125 0.0546875
1 0.43515625 0.16796875 0.028125 0.040625
1 0.46328125 0.17890625 0.075 0.0265625
1 0.50234375 0.25625 0.090625 0.2375
1 0.43125 0.3203125 0.0359375 0.01875
1 0.2296875 0.29609375 0.0171875 0.01875
1 0.17734375 0.2765625 0.053125 0.021875
1 0.0859375 0.3125 0.025 0.015625
1 0.096875 0.346875 0.0125 0.015625
1 0.215625 0.54375 0.134375 0.115625
1 0.17578125 0.50234375 0.11875 0.1
1 0.2265625 0.4765625 0.059375 0.0296875
1 0.3125 0.66796875 0.025 0.04375
1 0.31796875 0.69375 0.0421875 0.040625
1 0.36015625 0.68515625 0.046875 0.034375
1 0.38203125 0.50546875 0.0234375 0.0515625
1 0.3640625 0.4671875 0.0765625 0.09375
1 0.41171875 0.4078125 0.075 0.0609375
1 0.5671875 0.4578125 0.053125 0.0265625
1 0.57890625 0.53828125 0.0609375 0.0875
1 0.52421875 0.590625 0.0828125 0.1
1 0.55390625 0.6578125 0.053125 0.046875
1 0.7390625 0.67890625 0.0375 0.04375
1 0.73125 0.63125 0.046875 0.053125
1 0.6359375 0.840625 0.04375 0.0546875
1 0.63828125 0.78671875 0.028125 0.0234375
1 0.41328125 0.86484375 0.065625 0.040625
1 0.45703125 0.80546875 0.0546875 0.0265625
1 0.39765625 0.82109375 0.0234375 0.040625
1 0.325 0.85 0.0359375 0.0375
1 0.32890625 0.8046875 0.0625 0.040625
1 0.06484375 0.95078125 0.059375 0.0375
1 0.05078125 0.609375 0.025 0.028125
1 0.025 0.42734375 0.05 0.0359375
1 0.26484375 0.4125 0.0171875 0.015625
1 0.30859375 0.409375 0.0234375 0.025
1 0.23359375 0.3953125 0.021875 0.0125
1 0.98125 0.659375 0.0375 0.05
1 0.97421875 0.61640625 0.01875 0.01875
1 0.4265625 0.67265625 0.034375 0.040625
1 0.6171875 0.1109375 0.1 0.053125
1 0.39140625 0.69296875 0.028125 0.0296875