0 0.13984375 0.61875 0.0625 0.190625
1 0.3046875 0.746875 0.1765625 0.1703125
0 0.38046875 0.4453125 0.071875 0.1734375
1 0.7796875 0.69921875 0.18125 0.184375
0 0.48125 0.42265625 0.065625 0.2390625
1 0.540625 0.28828125 0.053125 0.04375
0 0.2546875 0.57890625 0.115625 0.290625
0 0.04453125 0.88359375 0.078125 0.053125
0 0.103125 0.8875 0.090625 0.040625
0 0.43203125 0.396875 0.059375 0.140625
1 0.8578125 0.4703125 0.059375 0.240625
1 0.896875 0.3578125 0.0359375 0.06875
1 0.89453125 0.66328125 0.040625 0.053125
1 0.66953125 0.69609375 0.078125 0.1203125
1 0.49140625 0.6609375 0.040625 0.0203125