2 0.55546875 0.38515625 0.37109375 0.13984375
2 0.51484375 0.49375 0.68125 0.08359375
2 0.5875 0.6546875 0.6734375 0.14609375
2 0.1953125 0.5921875 0.1890625 0.0625
2 0.54375 0.53671875 0.49140625 0.0734375
2 0.709375 0.30859375 0.0640625 0.10390625
2 0.22109375 0.665625 0.16328125 0.071875
2 0.8875 0.58671875 0.2171875 0.0765625
2 0.16484375 0.4578125 0.1109375 0.08203125
2 0.071875 0.4453125 0.14296875 0.0734375
2 0.25 0.39765625 0.2453125 0.10234375
2 0.58359375 0.3203125 0.16953125 0.09296875