2 0.3578125 0.5515625 0.103125 0.2515625
2 0.44375 0.63671875 0.040625 0.2296875
2 0.46484375 0.6328125 0.1015625 0.328125
2 0.5328125 0.6140625 0.046875 0.1703125
2 0.5875 0.54609375 0.121875 0.2828125
2 0.63828125 0.5765625 0.065625 0.2515625
2 0.72890625 0.6296875 0.115625 0.2515625
2 0.81875 0.6109375 0.09375 0.24375
2 0.125 0.5375 0.0765625 0.184375
2 0.12734375 0.52890625 0.190625 0.103125
2 0.20546875 0.58828125 0.11875 0.128125
2 0.27421875 0.61796875 0.046875 0.1453125
2 0.353125 0.625 0.0828125 0.15625
2 0.39453125 0.6734375 0.084375 0.184375
2 0.84609375 0.546875 0.3078125 0.0734375
2 0.94765625 0.65390625 0.1015625 0.15
2 0.9453125 0.43046875 0.109375 0.1140625
2 0.93515625 0.4890625 0.128125 0.071875
2 0.65078125 0.37265625 0.125 0.096875
2 0.1109375 0.4421875 0.21875 0.146875
2 0.28515625 0.51796875 0.134375 0.13125
2 0.575 0.72421875 0.10625 0.11875