0 0.27734375 0.50625 0.2859375 0.25859375
0 0.58984375 0.55390625 0.3953125 0.3078125
0 0.82421875 0.5703125 0.19296875 0.21328125
0 0.1453125 0.30390625 0.11953125 0.078125
0 0.4453125 0.3359375 0.15625 0.0734375
0 0.5578125 0.36484375 0.1359375 0.1359375
0 0.3140625 0.4140625 0.146875 0.10859375
0 0.44140625 0.2640625 0.04921875 0.0390625
0 0.3140625 0.3390625 0.15 0.04609375
0 0.14921875 0.475 0.08359375 0.125
0 0.32265625 0.29375 0.14609375 0.05234375
0 0.70546875 0.45234375 0.1 0.03125
0 0.49609375 0.28046875 0.1140625 0.09609375
0 0.4625 0.2390625 0.0953125 0.0640625
0 0.4078125 0.26796875 0.0765625 0.0671875
0 0.56328125 0.70390625 0.2609375 0.08359375
0 0.846875 0.784375 0.30625 0.10390625
0 0.29921875 0.6703125 0.2234375 0.10703125
0 0.56875 0.74765625 0.2953125 0.10390625