2 0.52578125 0.29609375 0.15 0.38125
2 0.3453125 0.84609375 0.18125 0.3078125
2 0.2390625 0.49765625 0.1640625 0.265625
2 0.5390625 0.915625 0.15 0.16875
2 0.19921875 0.12578125 0.0375 0.184375
2 0.36171875 0.17890625 0.0984375 0.3578125
2 0.275 0.265625 0.11875 0.14375
2 0.125 0.25078125 0.078125 0.159375
2 0.46171875 0.7265625 0.046875 0.096875
2 0.26875 0.06484375 0.0375 0.1296875
2 0.36796875 0.50859375 0.146875 0.303125
2 0.4828125 0.03203125 0.03125 0.0625
2 0.3984375 0.05078125 0.0484375 0.0953125
2 0.5765625 0.85 0.071875 0.053125
2 0.17734375 0.21328125 0.06875 0.1
2 0.20625 0.74375 0.0484375 0.0875
2 0.52734375 0.89375 0.1421875 0.01875
2 0.33125 0.01015625 0.096875 0.01875
2 0.196875 0.109375 0.178125 0.04375
2 0.19765625 0.0359375 0.05 0.06875
2 0.50078125 0.865625 0.0390625 0.034375
2 0.3140625 0.03515625 0.040625 0.0703125
2 0.571875 0.59921875 0.1890625 0.203125
2 0.4609375 0.5875 0.0734375 0.190625
2 0.2546875 0.6578125 0.121875 0.10625
2 0.20234375 0.85 0.053125 0.1703125