0 0.73046875 0.35078125 0.434375 0.4375
0 0.428125 0.146875 0.4 0.2921875
0 0.40703125 0.5 0.278125 0.3
0 0.34765625 0.83046875 0.321875 0.3390625
0 0.84375 0.72265625 0.246875 0.553125
0 0.55234375 0.6953125 0.2421875 0.609375
0 0.43203125 0.95546875 0.0875 0.0890625
0 0.6875 0.6859375 0.225 0.628125
0 0.40625 0.28984375 0.184375 0.146875
0 0.7359375 0.83046875 0.359375 0.3390625
0 0.5125 0.06328125 0.234375 0.121875
0 0.4765625 0.38828125 0.090625 0.09375
0 0.62109375 0.4234375 0.1078125 0.059375
0 0.87109375 0.2890625 0.1078125 0.06875