2 0.44453125 0.17421875 0.05625 0.084375
2 0.79453125 0.31171875 0.05625 0.0546875
2 0.40703125 0.28984375 0.0390625 0.10625
2 0.540625 0.26328125 0.05625 0.075
2 0.375 0.325 0.075 0.0265625
2 0.26640625 0.30859375 0.0765625 0.021875
2 0.21640625 0.32890625 0.0625 0.025
2 0.49375 0.2671875 0.053125 0.0796875
2 0.66171875 0.4703125 0.1015625 0.0421875
2 0.41328125 0.47578125 0.05625 0.05625
2 0.82578125 0.509375 0.0640625 0.01875
2 0.134375 0.2984375 0.046875 0.05625
2 0.03203125 0.27734375 0.0640625 0.04375
2 0.3078125 0.421875 0.059375 0.0625
2 0.77265625 0.49375 0.053125 0.03125
2 0.36640625 0.4546875 0.08125 0.0875
2 0.0515625 0.21015625 0.0828125 0.109375
2 0.2890625 0.45703125 0.05 0.0671875
2 0.275 0.14453125 0.103125 0.05625
2 0.521875 0.3 0.0515625 0.034375
2 0.66953125 0.534375 0.1 0.0484375
2 0.6046875 0.3328125 0.046875 0.03125
2 0.44453125 0.3609375 0.046875 0.0609375
2 0.09140625 0.25625 0.0609375 0.1421875
2 0.2453125 0.403125 0.078125 0.075
2 0.1296875 0.4171875 0.04375 0.021875
2 0.409375 0.209375 0.078125 0.0625
2 0.63359375 0.5453125 0.0859375 0.0359375
2 0.85390625 0.1953125 0.025 0.0546875
2 0.9375 0.6765625 0.096875 0.05625
2 0.465625 0.31015625 0.0578125 0.0390625
2 0.8203125 0.28046875 0.096875 0.0203125
2 0.85859375 0.653125 0.121875 0.0953125
2 0.5765625 0.3546875 0.046875 0.228125
2 0.434375 0.55390625 0.053125 0.053125
2 0.14765625 0.36328125 0.1 0.08125
2 0.1515625 0.4515625 0.0671875 0.0515625
2 0.01484375 0.425 0.0296875 0.053125
2 0.08046875 0.43046875 0.065625 0.046875
2 0.0578125 0.5390625 0.0265625 0.0296875
2 0.56328125 0.578125 0.040625 0.04375
2 0.6828125 0.55390625 0.040625 0.0421875
2 0.7703125 0.64296875 0.0703125 0.071875
2 0.803125 0.69765625 0.059375 0.0546875
2 0.821875 0.55546875 0.059375 0.0734375
2 0.7828125 0.5921875 0.05 0.0484375
2 0.74140625 0.546875 0.053125 0.0515625
2 0.78046875 0.53671875 0.071875 0.053125
2 0.63515625 0.4328125 0.05 0.0453125
2 0.5859375 0.515625 0.059375 0.078125
2 0.64609375 0.3359375 0.0796875 0.11875
2 0.5421875 0.33359375 0.05 0.040625
2 0.7171875 0.4546875 0.046875 0.0640625