2 0.85703125 0.62578125 0.1875 0.084375
2 0.809375 0.534375 0.1796875 0.1
2 0.640625 0.646875 0.303125 0.0890625
2 0.834375 0.5828125 0.1453125 0.08125
2 0.18515625 0.42421875 0.2234375 0.09375
2 0.6515625 0.69140625 0.16875 0.05
2 0.45078125 0.7 0.221875 0.08125
2 0.08828125 0.49921875 0.175 0.05625
2 0.1890625 0.56640625 0.1125 0.0328125
2 0.40703125 0.503125 0.1578125 0.0453125
2 0.76015625 0.63671875 0.1546875 0.090625
2 0.64140625 0.53984375 0.1375 0.08125
2 0.8375 0.6546875 0.14375 0.0515625
2 0.953125 0.60859375 0.0578125 0.0328125
2 0.5375 0.70703125 0.140625 0.021875
2 0.290625 0.37890625 0.1484375 0.08125
2 0.18515625 0.58984375 0.0984375 0.021875
2 0.69921875 0.61796875 0.1671875 0.0359375
2 0.95390625 0.6234375 0.05625 0.0203125
2 0.1546875 0.47265625 0.1125 0.040625
2 0.5515625 0.43515625 0.096875 0.059375
2 0.134375 0.3828125 0.26875 0.109375
2 0.16171875 0.51953125 0.1265625 0.0609375
2 0.36640625 0.5140625 0.1125 0.10625
2 0.5984375 0.4109375 0.0453125 0.053125
2 0.38984375 0.4046875 0.115625 0.0828125
2 0.5140625 0.48515625 0.05 0.0453125
2 0.59765625 0.47578125 0.05625 0.05
2 0.48828125 0.4515625 0.05 0.034375
2 0.18046875 0.659375 0.06875 0.01875
2 0.56328125 0.38125 0.065625 0.05625
2 0.2140625 0.5125 0.08125 0.021875
2 0.2515625 0.44140625 0.084375 0.0375
2 0.23046875 0.63984375 0.075 0.0671875
2 0.46015625 0.45 0.084375 0.0984375
2 0.90703125 0.6265625 0.059375 0.034375
2 0.48359375 0.50234375 0.01875 0.021875
2 0.49453125 0.5328125 0.01875 0.01875
2 0.42578125 0.55390625 0.0140625 0.01875
2 0.74296875 0.45703125 0.078125 0.0375
2 0.48359375 0.36328125 0.06875 0.059375
2 0.52265625 0.35390625 0.0625 0.046875
2 0.21875 0.33046875 0.1046875 0.075
2 0.23046875 0.73125 0.15 0.03125
2 0.49765625 0.390625 0.0671875 0.028125
2 0.48125 0.28203125 0.2671875 0.159375
2 0.425 0.3328125 0.05 0.0640625
2 0.53359375 0.4625 0.05 0.03125
2 0.23984375 0.46796875 0.0734375 0.0421875
2 0.71171875 0.68125 0.0546875 0.046875
2 0.67890625 0.45703125 0.090625 0.078125
2 0.440625 0.6140625 0.140625 0.0609375
2 0.34375 0.65703125 0.10625 0.090625
2 0.2953125 0.553125 0.0546875 0.246875
2 0.51015625 0.56015625 0.1125 0.065625
2 0.5609375 0.740625 0.153125 0.10625
2 0.284375 0.3390625 0.221875 0.125
2 0.42421875 0.7875 0.109375 0.0875
2 0.721875 0.0984375 0.2484375 0.196875