3 0.7765625 0.06640625 0.11875 0.1328125
0 0.428125 0.6875 0.14375 0.215625
0 0.659375 0.22578125 0.084375 0.06875
0 0.4375 0.803125 0.0875 0.078125
0 0.1390625 0.49375 0.125 0.121875
3 0.6078125 0.42265625 0.19375 0.2375
3 0.675 0.115625 0.071875 0.109375
0 0.26171875 0.8 0.421875 0.24375
2 0.671875 0.90625 0.015625 0.021875
0 0.30703125 0.39609375 0.0640625 0.04375
0 0.734375 0.6984375 0.015625 0.0625
0 0.12578125 0.6890625 0.075 0.0375
0 0.69140625 0.54765625 0.03125 0.103125
0 0.784375 0.7078125 0.0375 0.0734375
0 0.79609375 0.89921875 0.046875 0.0359375
0 0.23203125 0.4015625 0.021875 0.0359375
0 0.7875 0.85859375 0.03125 0.046875
0 0.303125 0.65390625 0.1 0.1171875
0 0.7515625 0.74765625 0.165625 0.075
0 0.7328125 0.66328125 0.01875 0.0265625
0 0.79921875 0.9375 0.1125 0.121875
0 0.24765625 0.43671875 0.046875 0.025
3 0.5421875 0.55859375 0.184375 0.246875
0 0.24296875 0.6015625 0.246875 0.396875