0 0.4375 0.8171875 0.225 0.18125
0 0.91328125 0.6296875 0.1625 0.3
0 0.1796875 0.71015625 0.359375 0.2109375
0 0.24921875 0.521875 0.3125 0.3078125
0 0.6578125 0.48984375 0.1 0.2
0 0.7484375 0.52890625 0.1484375 0.103125
0 0.7828125 0.6296875 0.059375 0.109375
0 0.70703125 0.64375 0.0765625 0.1171875
0 0.7625 0.71953125 0.1234375 0.1265625
0 0.75078125 0.82265625 0.1234375 0.153125
0 0.6046875 0.82265625 0.165625 0.159375
0 0.6265625 0.71171875 0.103125 0.1140625
0 0.53515625 0.696875 0.1 0.196875
0 0.47265625 0.6484375 0.1484375 0.1609375
0 0.46796875 0.52421875 0.109375 0.1859375
0 0.5640625 0.52421875 0.090625 0.1265625