1 0.359375 0.7203125 0.203125 0.29375
1 0.56953125 0.4015625 0.221875 0.225
1 0.659375 0.4015625 0.096875 0.075
1 0.759375 0.3578125 0.1375 0.14375
1 0.7734375 0.25 0.05625 0.125
1 0.75625 0.57578125 0.153125 0.2609375
1 0.55703125 0.75546875 0.184375 0.4375
1 0.72265625 0.8578125 0.184375 0.284375
1 0.33125 0.2703125 0.1125 0.196875
1 0.41015625 0.31875 0.090625 0.35
1 0.359375 0.5265625 0.1078125 0.1640625
1 0.26171875 0.5234375 0.06875 0.13125
1 0.2625 0.35 0.075 0.215625
1 0.2328125 0.653125 0.08125 0.1421875
1 0.4515625 0.51640625 0.09375 0.1671875
1 0.6171875 0.253125 0.38125 0.4765625