0 0.4203125 0.58046875 0.3171875 0.528125
0 0.48984375 0.28125 0.1 0.1625
0 0.78515625 0.58203125 0.10625 0.15625
0 0.52890625 0.45234375 0.09375 0.1859375
0 0.67421875 0.8359375 0.3234375 0.059375
0 0.23671875 0.178125 0.2734375 0.35625
0 0.396875 0.93203125 0.115625 0.1359375
1 0.4609375 0.82890625 0.0625 0.090625
1 0.36015625 0.21875 0.05625 0.13125
0 0.7125 0.80703125 0.3203125 0.03125
0 0.73125 0.75625 0.4125 0.0875
0 0.8078125 0.63125 0.178125 0.115625
0 0.80703125 0.709375 0.190625 0.103125
0 0.578125 0.63046875 0.0625 0.125
0 0.6 0.39921875 0.165625 0.25
0 0.65625 0.59140625 0.103125 0.1875
0 0.52734375 0.1953125 0.0890625 0.1734375
0 0.7828125 0.47109375 0.0625 0.0796875
0 0.3921875 0.596875 0.29375 0.5421875
0 0.40390625 0.13359375 0.109375 0.11875