0 0.83984375 0.2734375 0.2234375 0.121875
0 0.8140625 0.375 0.153125 0.171875
0 0.546875 0.49921875 0.125 0.11875
0 0.56015625 0.621875 0.096875 0.115625
0 0.3640625 0.7421875 0.1640625 0.2078125
0 0.615625 0.05703125 0.0484375 0.103125
0 0.5390625 0.103125 0.2671875 0.15625
0 0.475 0.24296875 0.3734375 0.171875
0 0.2203125 0.5609375 0.215625 0.215625
0 0.4578125 0.36484375 0.421875 0.1484375
0 0.721875 0.459375 0.140625 0.0859375
0 0.3109375 0.9421875 0.25625 0.1078125
0 0.39296875 0.5328125 0.1953125 0.2203125
0 0.7578125 0.203125 0.134375 0.1109375
0 0.53515625 0.77578125 0.13125 0.0453125
0 0.52734375 0.83125 0.140625 0.05
0 0.4765625 0.87109375 0.15 0.065625
0 0.559375 0.88359375 0.059375 0.040625
0 0.68203125 0.31953125 0.06875 0.075
0 0.70625 0.3765625 0.121875 0.0890625
0 0.13203125 0.4375 0.1875 0.234375
0 0.671875 0.571875 0.15625 0.075
0 0.6328125 0.615625 0.125 0.078125
0 0.60859375 0.70234375 0.29375 0.0546875
0 0.740625 0.525 0.153125 0.1125