0 0.271875 0.4109375 0.3 0.253125
0 0.77578125 0.62265625 0.19375 0.315625
0 0.35234375 0.87265625 0.303125 0.253125
0 0.6265625 0.45859375 0.2296875 0.2546875
0 0.2296875 0.5453125 0.165625 0.15625
0 0.4953125 0.3890625 0.109375 0.09375
0 0.45078125 0.57578125 0.1484375 0.1
0 0.48046875 0.75859375 0.165625 0.21875
0 0.63828125 0.5953125 0.171875 0.1140625
0 0.0328125 0.478125 0.065625 0.13125
0 0.05234375 0.6140625 0.1046875 0.14375
0 0.16171875 0.63671875 0.125 0.090625
0 0.47265625 0.89296875 0.359375 0.2125
0 0.25 0.6875 0.1109375 0.15
0 0.4875 0.47890625 0.1125 0.140625