1 0.971875 0.8140625 0.05625 0.0875
2 0.44140625 0.584375 0.353125 0.115625
2 0.390625 0.38828125 0.053125 0.0765625
2 0.1578125 0.36875 0.246875 0.053125
2 0.2046875 0.33671875 0.1625 0.028125
2 0.771875 0.2375 0.2046875 0.1296875
2 0.54765625 0.41015625 0.1203125 0.06875
2 0.97265625 0.2453125 0.0546875 0.096875
2 0.21171875 0.4234375 0.19375 0.0859375
2 0.75546875 0.1796875 0.2578125 0.075
2 0.4703125 0.2234375 0.2125 0.034375
2 0.1234375 0.69375 0.246875 0.0796875
2 0.86015625 0.48671875 0.2796875 0.059375
2 0.78125 0.60703125 0.1203125 0.04375
2 0.70703125 0.42578125 0.09375 0.040625
2 0.38828125 0.5125 0.11875 0.08125
1 0.6421875 0.64453125 0.015625 0.015625
1 0.88828125 0.853125 0.046875 0.08125
1 0.978125 0.56484375 0.040625 0.040625
1 0.97265625 0.74140625 0.028125 0.0234375
2 0.984375 0.15 0.0171875 0.209375
1 0.2046875 0.95546875 0.028125 0.0390625
1 0.74140625 0.8125 0.0703125 0.065625
1 0.92421875 0.4296875 0.05625 0.046875
1 0.54296875 0.77265625 0.05625 0.0390625
1 0.6546875 0.8984375 0.0171875 0.0125
1 0.94296875 0.521875 0.0375 0.028125
1 0.91015625 0.74296875 0.025 0.025
2 0.48515625 0.790625 0.15625 0.215625
1 0.58046875 0.67421875 0.021875 0.0328125
1 0.8234375 0.571875 0.0328125 0.0296875
1 0.0765625 0.67421875 0.03125 0.0234375
1 0.74375 0.7328125 0.034375 0.0265625
1 0.6546875 0.709375 0.021875 0.0328125
1 0.8671875 0.653125 0.04375 0.03125
1 0.903125 0.57265625 0.03125 0.03125
1 0.95859375 0.7828125 0.015625 0.0203125
2 0.5359375 0.46875 0.10625 0.084375
1 0.8484375 0.5828125 0.021875 0.028125
2 0.77734375 0.91953125 0.040625 0.103125
1 0.66015625 0.9640625 0.015625 0.0296875
1 0.73046875 0.69609375 0.009375 0.01875
1 0.625 0.7625 0.06875 0.0875
2 0.4890625 0.15546875 0.0375 0.0828125
2 0.6296875 0.3453125 0.24375 0.121875
2 0.4875 0.321875 0.184375 0.1640625
2 0.3234375 0.33125 0.128125 0.103125
2 0.82578125 0.3578125 0.13125 0.090625