0 0.58359375 0.68359375 0.146875 0.121875
0 0.5125 0.91796875 0.0875 0.046875
0 0.5328125 0.878125 0.078125 0.0546875
0 0.52890625 0.825 0.1171875 0.0625
0 0.43125 0.8609375 0.0703125 0.0625
0 0.3921875 0.96796875 0.13125 0.0640625
0 0.42734375 0.8078125 0.0875 0.0734375
0 0.51796875 0.7234375 0.0859375 0.053125
0 0.5140625 0.76640625 0.153125 0.0546875
0 0.7453125 0.334375 0.246875 0.146875
0 0.71640625 0.2171875 0.1546875 0.096875
0 0.65234375 0.23359375 0.159375 0.10625
0 0.56796875 0.240625 0.1609375 0.1234375
0 0.46953125 0.28828125 0.1109375 0.15
0 0.54765625 0.4515625 0.3 0.128125
0 0.6953125 0.50234375 0.128125 0.0609375
0 0.76484375 0.43984375 0.1125 0.09375
0 0.46171875 0.50546875 0.121875 0.0734375
0 0.39453125 0.55078125 0.1484375 0.090625
0 0.57890625 0.59921875 0.353125 0.140625