2 0.52109375 0.5890625 0.315625 0.4359375
2 0.60546875 0.08046875 0.0421875 0.025
2 0.16875 0.86015625 0.15625 0.05625
2 0.06484375 0.5640625 0.128125 0.0453125
2 0.8234375 0.3484375 0.353125 0.35
2 0.89375 0.04296875 0.2125 0.05625
2 0.73671875 0.54609375 0.06875 0.05
2 0.57265625 0.13203125 0.0859375 0.025
2 0.2375 0.58046875 0.153125 0.059375
2 0.0828125 0.95390625 0.1546875 0.03125
2 0.09609375 0.478125 0.1796875 0.1671875
2 0.6421875 0.72421875 0.19375 0.203125
2 0.60625 0.78828125 0.0796875 0.0703125
2 0.69453125 0.6234375 0.04375 0.046875
2 0.48203125 0.125 0.0203125 0.040625
2 0.31171875 0.82578125 0.1859375 0.0625
2 0.4125 0.11484375 0.05 0.0953125
2 0.53359375 0.0640625 0.0984375 0.04375
2 0.11484375 0.90546875 0.146875 0.05
2 0.90859375 0.1265625 0.1828125 0.253125
2 0.34609375 0.28828125 0.1171875 0.28125
2 0.32578125 0.53046875 0.159375 0.28125
2 0.7671875 0.51875 0.240625 0.2328125