0 0.49375 0.72265625 0.259375 0.2859375
0 0.44609375 0.41015625 0.3078125 0.3953125
0 0.4296875 0.17578125 0.2125 0.19375
0 0.69609375 0.8546875 0.078125 0.11875
0 0.6640625 0.5546875 0.0734375 0.15625
0 0.63515625 0.4421875 0.1359375 0.1359375
0 0.5859375 0.6859375 0.109375 0.146875
0 0.7359375 0.55859375 0.0390625 0.05
0 0.6609375 0.6859375 0.046875 0.15
0 0.525 0.85078125 0.125 0.084375
0 0.70625 0.67734375 0.053125 0.146875
0 0.54765625 0.29453125 0.03125 0.1
0 0.71953125 0.50390625 0.096875 0.1140625
0 0.7609375 0.5375 0.0640625 0.0953125
0 0.73203125 0.5921875 0.0671875 0.0765625
0 0.29609375 0.43671875 0.084375 0.2609375
0 0.215625 0.153125 0.103125 0.30625
0 0.3296875 0.70078125 0.10625 0.2234375
0 0.25234375 0.43125 0.103125 0.2953125