2 0.21953125 0.57109375 0.22890625 0.11953125
2 0.61484375 0.46875 0.13671875 0.03828125
2 0.58359375 0.53515625 0.18203125 0.16953125
2 0.41171875 0.76484375 0.134375 0.05625
2 0.57890625 0.26796875 0.0859375 0.04140625
2 0.20625 0.4796875 0.18125 0.0875
2 0.7390625 0.49296875 0.07109375 0.04609375
2 0.775 0.715625 0.0640625 0.0578125
2 0.71015625 0.82890625 0.11015625 0.17421875
2 0.890625 0.54453125 0.21796875 0.06328125
2 0.71015625 0.396875 0.1125 0.03125
2 0.6390625 0.22265625 0.05859375 0.0671875
2 0.9015625 0.7296875 0.078125 0.2
2 0.7046875 0.23203125 0.06171875 0.05625
2 0.103125 0.70078125 0.040625 0.03203125
2 0.8984375 0.65625 0.203125 0.09609375
2 0.8296875 0.88046875 0.08359375 0.0359375
2 0.77890625 0.803125 0.06015625 0.02421875
2 0.22578125 0.89609375 0.18828125 0.14296875
2 0.5140625 0.246875 0.08984375 0.05703125
2 0.11171875 0.96171875 0.06953125 0.06796875
2 0.4453125 0.38203125 0.04921875 0.1515625
2 0.7375 0.271875 0.12421875 0.04921875
2 0.29453125 0.7234375 0.04921875 0.075
2 0.3359375 0.7796875 0.10078125 0.0390625
2 0.4703125 0.20703125 0.03125 0.06875
2 0.79765625 0.08671875 0.08671875 0.05625
2 0.5265625 0.90390625 0.084375 0.140625
2 0.43828125 0.91796875 0.05625 0.03359375
2 0.13984375 0.91171875 0.05703125 0.0359375
2 0.84296875 0.6296875 0.08671875 0.03125
2 0.9734375 0.790625 0.05234375 0.03515625
2 0.0765625 0.63046875 0.09140625 0.0578125
2 0.540625 0.4921875 0.0765625 0.05390625
2 0.05390625 0.7328125 0.05078125 0.04296875
2 0.51484375 0.6375 0.05390625 0.1515625
2 0.41640625 0.434375 0.01796875 0.06640625
2 0.8359375 0.24375 0.10078125 0.07109375
2 0.1125 0.765625 0.04375 0.06796875
2 0.63203125 0.91953125 0.06171875 0.13828125
2 0.08125 0.9203125 0.025 0.0765625
2 0.4625 0.6703125 0.04375 0.10078125
2 0.04296875 0.9796875 0.0703125 0.040625
2 0.075 0.4515625 0.0328125 0.06171875
2 0.3546875 0.93515625 0.05 0.08515625
2 0.6890625 0.434375 0.159375 0.0734375
2 0.3796875 0.51171875 0.15078125 0.19609375
2 0.5671875 0.3984375 0.12734375 0.0890625
2 0.6140625 0.6140625 0.12265625 0.13515625
2 0.41875 0.70859375 0.1671875 0.11015625
2 0.6796875 0.25390625 0.40546875 0.0796875