2 0.209375 0.69609375 0.078125 0.046875
2 0.52109375 0.5890625 0.3203125 0.2734375
2 0.4515625 0.63828125 0.0609375 0.05
2 0.20859375 0.53359375 0.1078125 0.0359375
2 0.0984375 0.64296875 0.0640625 0.06875
2 0.08046875 0.553125 0.0375 0.065625
2 0.56328125 0.28046875 0.0375 0.1609375
2 0.0296875 0.31953125 0.059375 0.0453125
2 0.22265625 0.62109375 0.046875 0.0375
2 0.51875 0.6765625 0.11875 0.053125
2 0.93984375 0.72109375 0.040625 0.0421875
2 0.43984375 0.80703125 0.03125 0.028125
2 0.32734375 0.2515625 0.053125 0.084375
2 0.3671875 0.69765625 0.046875 0.025
2 0.4046875 0.52421875 0.0890625 0.1046875
2 0.85859375 0.71875 0.075 0.040625
2 0.6765625 0.6375 0.0515625 0.021875
2 0.45859375 0.71328125 0.06875 0.0265625
2 0.21484375 0.28515625 0.0296875 0.0390625
2 0.7171875 0.4890625 0.1015625 0.1875