2 0.48828125 0.44453125 0.253125 0.2796875
2 0.31015625 0.4125 0.05625 0.14375
2 0.390625 0.4578125 0.084375 0.1953125
2 0.38828125 0.07578125 0.1421875 0.05625
2 0.61484375 0.796875 0.225 0.109375
2 0.484375 0.71171875 0.103125 0.10625
2 0.75546875 0.421875 0.1375 0.115625
2 0.428125 0.62734375 0.09375 0.1046875
2 0.4421875 0.28828125 0.05625 0.109375
2 0.79765625 0.1921875 0.134375 0.046875
2 0.27890625 0.23515625 0.096875 0.196875
2 0.959375 0.7015625 0.078125 0.13125
2 0.88515625 0.51640625 0.19375 0.2859375
2 0.2046875 0.43515625 0.034375 0.090625
2 0.49921875 0.09296875 0.071875 0.153125
2 0.41171875 0.84296875 0.0453125 0.125
2 0.55859375 0.165625 0.084375 0.1390625
2 0.73125 0.8984375 0.259375 0.075
2 0.2578125 0.4890625 0.0375 0.11875
2 0.234375 0.29296875 0.08125 0.034375
2 0.73203125 0.1984375 0.065625 0.0625
2 0.81015625 0.5875 0.034375 0.1125
2 0.40234375 0.13984375 0.096875 0.01875
2 0.1984375 0.5453125 0.059375 0.090625
2 0.91328125 0.8015625 0.028125 0.075
2 0.346875 0.04921875 0.021875 0.0984375
2 0.34765625 0.73125 0.040625 0.1125
2 0.40078125 0.2203125 0.203125 0.196875
2 0.3234375 0.565625 0.1109375 0.1625
2 0.69921875 0.64375 0.5125 0.20625
2 0.89921875 0.8875 0.059375 0.2