0 0.61875 0.9578125 0.1953125 0.08125
0 0.1953125 0.55234375 0.1328125 0.1203125
0 0.58359375 0.68984375 0.140625 0.1375
0 0.26875 0.60859375 0.259375 0.140625
0 0.403125 0.2203125 0.0359375 0.128125
0 0.78515625 0.78828125 0.259375 0.3109375
0 0.8453125 0.415625 0.2578125 0.1171875
0 0.5828125 0.48828125 0.6421875 0.046875
0 0.95546875 0.2671875 0.0875 0.015625
0 0.8609375 0.2609375 0.0375 0.053125
0 0.96875 0.365625 0.05 0.1328125
0 0.9234375 0.08828125 0.153125 0.1734375
0 0.92109375 0.390625 0.121875 0.1828125
0 0.6390625 0.5796875 0.284375 0.1421875
0 0.61484375 0.25703125 0.053125 0.16875
0 0.5265625 0.8203125 0.4671875 0.2578125
0 0.334375 0.265625 0.0765625 0.259375
0 0.2984375 0.35859375 0.06875 0.1515625
0 0.2765625 0.7265625 0.1375 0.146875
0 0.34453125 0.8328125 0.13125 0.0734375
0 0.834375 0.5640625 0.15625 0.334375
0 0.93515625 0.2109375 0.1296875 0.1375
0 0.7609375 0.28046875 0.040625 0.3203125
0 0.7 0.0578125 0.209375 0.109375
0 0.55390625 0.32109375 0.175 0.4859375
0 0.45 0.284375 0.1625 0.303125
0 0.93203125 0.6453125 0.1359375 0.1421875