0 0.48203125 0.44921875 0.13125 0.071875
0 0.625 0.89765625 0.278125 0.2046875
0 0.28125 0.90625 0.2625 0.1875
0 0.03515625 0.46953125 0.0671875 0.0703125
0 0.14765625 0.4484375 0.05625 0.0515625
0 0.10546875 0.41875 0.0453125 0.046875
0 0.01953125 0.425 0.0390625 0.034375
0 0.7640625 0.49609375 0.19375 0.1296875
0 0.7984375 0.5796875 0.171875 0.15
0 0.6765625 0.6015625 0.0671875 0.084375
0 0.64765625 0.56171875 0.0875 0.09375
0 0.5328125 0.590625 0.146875 0.1328125
0 0.46796875 0.5625 0.0609375 0.0875
0 0.44375 0.53515625 0.0359375 0.0609375
0 0.53203125 0.503125 0.153125 0.040625
0 0.6390625 0.5 0.065625 0.0375
0 0.32265625 0.5640625 0.1 0.096875
0 0.39140625 0.49921875 0.1453125 0.065625
0 0.60546875 0.4515625 0.0765625 0.071875
0 0.6703125 0.440625 0.046875 0.0375
0 0.7234375 0.43125 0.053125 0.028125
0 0.8953125 0.46875 0.0796875 0.0734375
0 0.8328125 0.4125 0.096875 0.040625
0 0.51796875 0.40703125 0.0421875 0.01875
0 0.5796875 0.41015625 0.01875 0.01875
0 0.21015625 0.41171875 0.025 0.01875
0 0.228125 0.3921875 0.021875 0.034375
0 0.37109375 0.45234375 0.15 0.046875
0 0.959375 0.43515625 0.0625 0.0625
0 0.9 0.41484375 0.0546875 0.0359375