0 0.4515625 0.5515625 0.21875 0.253125
0 0.67734375 0.6546875 0.309375 0.25625
0 0.24453125 0.58359375 0.2328125 0.3640625
0 0.7828125 0.41640625 0.3140625 0.290625
0 0.5125 0.27734375 0.140625 0.1390625
0 0.62578125 0.234375 0.1234375 0.1953125
0 0.77421875 0.078125 0.1625 0.15
0 0.9421875 0.05078125 0.0578125 0.078125
0 0.875 0.05078125 0.071875 0.1015625
0 0.9125 0.69609375 0.078125 0.059375
0 0.596875 0.421875 0.2484375 0.1296875
0 0.45234375 0.35390625 0.21875 0.1671875
0 0.20859375 0.46328125 0.2984375 0.3734375