0 0.1875 0.38515625 0.19375 0.140625
0 0.14921875 0.47734375 0.1109375 0.1296875
0 0.22421875 0.5328125 0.10625 0.165625
0 0.30546875 0.5828125 0.1375 0.103125
0 0.42109375 0.61015625 0.109375 0.0796875
0 0.4296875 0.56640625 0.071875 0.053125
0 0.51796875 0.48671875 0.084375 0.096875
0 0.6515625 0.44921875 0.075 0.1265625
0 0.740625 0.30859375 0.1828125 0.121875
0 0.48046875 0.35546875 0.09375 0.18125
0 0.38359375 0.3265625 0.1484375 0.1140625
0 0.503125 0.246875 0.153125 0.0734375
0 0.5640625 0.32890625 0.0828125 0.1328125
0 0.3203125 0.45234375 0.1625 0.1546875
0 0.36953125 0.4125 0.0796875 0.1078125
0 0.56875 0.45859375 0.090625 0.121875
0 0.87578125 0.3515625 0.1328125 0.13125
0 0.484375 0.54765625 0.046875 0.0296875