0 0.59765625 0.47421875 0.134375 0.240625
0 0.3546875 0.56796875 0.1625 0.24375
0 0.359375 0.3296875 0.24375 0.403125
0 0.79921875 0.1703125 0.2328125 0.265625
0 0.54921875 0.2265625 0.1375 0.25
0 0.49609375 0.6703125 0.075 0.1875
0 0.40234375 0.12109375 0.046875 0.196875
3 0.8734375 0.06953125 0.1125 0.1390625
3 0.846875 0.8265625 0.2984375 0.3375
0 0.6796875 0.5421875 0.05625 0.065625
0 0.47421875 0.57109375 0.11875 0.090625
3 0.87734375 0.46796875 0.16875 0.2
0 0.46171875 0.10078125 0.071875 0.0875
0 0.39609375 0.7125 0.028125 0.09375
0 0.64140625 0.47265625 0.05625 0.11875
0 0.31796875 0.17578125 0.128125 0.04375
0 0.5796875 0.04375 0.0625 0.0875
0 0.521875 0.83671875 0.05 0.3265625
0 0.63828125 0.740625 0.075 0.08125
0 0.609375 0.0453125 0.0125 0.05625
0 0.44140625 0.659375 0.090625 0.0328125
0 0.58671875 0.675 0.071875 0.178125
0 0.33828125 0.76171875 0.0890625 0.14375