0 0.75 0.659375 0.12890625 0.12109375
0 0.1359375 0.77890625 0.1859375 0.22109375
0 0.32109375 0.42578125 0.3109375 0.11875
0 0.61484375 0.65546875 0.078125 0.11015625
1 0.2734375 0.73203125 0.078125 0.17109375
1 0.35546875 0.721875 0.10703125 0.15625
1 0.4390625 0.6953125 0.07890625 0.1640625
1 0.38671875 0.67421875 0.06328125 0.1359375
1 0.31640625 0.62109375 0.08203125 0.0921875
1 0.24296875 0.69453125 0.06015625 0.1234375
1 0.53984375 0.67109375 0.0734375 0.1296875
0 0.55703125 0.59140625 0.0796875 0.0671875
0 0.503125 0.7390625 0.07890625 0.0953125
0 0.1765625 0.625 0.084375 0.13984375
0 0.49140625 0.44765625 0.08046875 0.14765625
1 0.45546875 0.88203125 0.065625 0.05390625
1 0.50859375 0.81796875 0.01640625 0.0234375
1 0.2890625 0.83828125 0.046875 0.02109375
1 0.23515625 0.85625 0.01953125 0.0125
1 0.5265625 0.78671875 0.06953125 0.05390625
1 0.94140625 0.75234375 0.0296875 0.025