2 0.92265625 0.55390625 0.153125 0.325
2 0.74921875 0.3984375 0.18125 0.08125
2 0.1109375 0.6671875 0.221875 0.115625
2 0.78125 0.6515625 0.065625 0.0625
2 0.625 0.78046875 0.059375 0.0625
2 0.9484375 0.34765625 0.084375 0.10625
2 0.65 0.70859375 0.025 0.14375
2 0.97265625 0.67265625 0.028125 0.10625
2 0.4578125 0.62578125 0.271875 0.253125
2 0.10078125 0.9390625 0.059375 0.0609375
2 0.93203125 0.24453125 0.0875 0.0765625
2 0.5671875 0.44375 0.246875 0.090625
2 0.56484375 0.62265625 0.1234375 0.059375
2 0.16796875 0.8859375 0.053125 0.03125
2 0.54609375 0.778125 0.065625 0.059375
2 0.096875 0.62265625 0.10625 0.025
2 0.78828125 0.50625 0.115625 0.053125
2 0.47578125 0.93828125 0.140625 0.1203125
2 0.6546875 0.6328125 0.0375 0.040625
2 0.8734375 0.14453125 0.05625 0.146875
2 0.33671875 0.521875 0.05 0.0625
2 0.634375 0.91484375 0.025 0.1234375
2 0.84453125 0.37421875 0.0109375 0.13125
2 0.97890625 0.46328125 0.040625 0.04375
2 0.62890625 0.54921875 0.103125 0.08125
2 0.71640625 0.534375 0.103125 0.071875
2 0.596875 0.86015625 0.05 0.0328125
2 0.9890625 0.2265625 0.009375 0.128125
2 0.58984375 0.9140625 0.071875 0.153125
2 0.29453125 0.68359375 0.084375 0.1328125
2 0.5609375 0.4921875 0.084375 0.06875
2 0.7296875 0.61875 0.109375 0.0921875
2 0.915625 0.5609375 0.165625 0.1515625