0 0.72109375 0.13046875 0.1671875 0.225
0 0.71484375 0.66015625 0.21875 0.2484375
0 0.66796875 0.33046875 0.184375 0.16875
0 0.51796875 0.425 0.1875 0.1125
0 0.7390625 0.49921875 0.2046875 0.10625
0 0.51328125 0.553125 0.190625 0.1
0 0.5671875 0.61171875 0.075 0.103125
0 0.509375 0.61171875 0.0796875 0.071875
0 0.6140625 0.403125 0.1078125 0.08125
0 0.62578125 0.771875 0.275 0.0734375
1 0.54609375 0.8546875 0.034375 0.0375
1 0.46796875 0.8921875 0.0125 0.021875
1 0.45390625 0.9328125 0.0125 0.015625
1 0.20703125 0.89921875 0.0328125 0.021875
1 0.19375 0.840625 0.0625 0.0671875
1 0.21015625 0.8796875 0.0328125 0.025
1 0.22578125 0.83125 0.0375 0.028125
1 0.20234375 0.80078125 0.0375 0.0296875
1 0.23203125 0.80390625 0.040625 0.0453125
1 0.1953125 0.78125 0.0296875 0.015625
1 0.2359375 0.77109375 0.040625 0.015625