0 0.515625 0.32890625 0.2515625 0.29375
0 0.25078125 0.4890625 0.371875 0.2515625
0 0.34453125 0.3234375 0.175 0.134375
1 0.81796875 0.58515625 0.0625 0.121875
1 0.52109375 0.5625 0.05 0.09375
1 0.56796875 0.52109375 0.1 0.0859375
1 0.6625 0.49921875 0.075 0.0890625
1 0.6578125 0.6203125 0.059375 0.178125
1 0.70078125 0.65625 0.0625 0.11875
1 0.75859375 0.71796875 0.05 0.16875
1 0.86484375 0.759375 0.1078125 0.071875
1 0.7234375 0.8 0.05 0.1484375
1 0.68984375 0.7390625 0.090625 0.171875
1 0.53984375 0.73046875 0.040625 0.184375
1 0.515625 0.7875 0.05625 0.046875
1 0.5671875 0.73515625 0.178125 0.2234375
1 0.49453125 0.6515625 0.0703125 0.06875
1 0.51640625 0.65859375 0.1 0.078125
1 0.675 0.27578125 0.046875 0.0859375
1 0.13203125 0.671875 0.11875 0.065625
1 0.75546875 0.90859375 0.053125 0.1078125