0 0.66171875 0.64375 0.153125 0.090625
0 0.58515625 0.2046875 0.1234375 0.4046875
0 0.39375 0.40390625 0.0859375 0.109375
0 0.2046875 0.4234375 0.15 0.1
0 0.0625 0.534375 0.11875 0.1359375
0 0.71328125 0.50625 0.175 0.146875
0 0.4453125 0.61796875 0.221875 0.1734375
0 0.3640625 0.37109375 0.125 0.1375
0 0.49375 0.41015625 0.0546875 0.0921875
0 0.59921875 0.38359375 0.0609375 0.1046875
0 0.73125 0.43671875 0.09375 0.05625
0 0.8453125 0.5265625 0.090625 0.1296875
0 0.24921875 0.57578125 0.165625 0.20625
0 0.1953125 0.4859375 0.33125 0.2734375
0 0.55625 0.50703125 0.215625 0.228125
0 0.48515625 0.34609375 0.109375 0.096875
0 0.42109375 0.51484375 0.196875 0.1875
0 0.88203125 0.59921875 0.184375 0.159375
0 0.959375 0.5484375 0.08125 0.096875