0 0.32890625 0.484375 0.29375 0.2515625
0 0.4890625 0.74921875 0.2515625 0.371875
0 0.3234375 0.65546875 0.134375 0.175
1 0.58515625 0.18203125 0.121875 0.0625
1 0.5625 0.47890625 0.09375 0.05
1 0.52109375 0.43203125 0.0859375 0.1
1 0.49921875 0.3375 0.0890625 0.075
1 0.6203125 0.3421875 0.178125 0.059375
1 0.65625 0.29921875 0.11875 0.0625
1 0.71796875 0.24140625 0.16875 0.05
1 0.759375 0.13515625 0.071875 0.1078125
1 0.8 0.2765625 0.1484375 0.05
1 0.7390625 0.31015625 0.171875 0.090625
1 0.73046875 0.46015625 0.184375 0.040625
1 0.7875 0.484375 0.046875 0.05625
1 0.73515625 0.4328125 0.2234375 0.178125
1 0.6515625 0.50546875 0.06875 0.0703125
1 0.65859375 0.48359375 0.078125 0.1
1 0.27578125 0.325 0.0859375 0.046875
1 0.671875 0.86796875 0.065625 0.11875
1 0.90859375 0.24453125 0.1078125 0.053125