2 0.31484375 0.125 0.12734375 0.09921875
2 0.84765625 0.42265625 0.3046875 0.20234375
2 0.31640625 0.21484375 0.2859375 0.14921875
2 0.62421875 0.23125 0.18984375 0.10078125
2 0.378125 0.7078125 0.1359375 0.09453125
2 0.71015625 0.57265625 0.1265625 0.19140625
2 0.83671875 0.6390625 0.075 0.09609375
2 0.58125 0.328125 0.37109375 0.1828125
2 0.8921875 0.40390625 0.215625 0.1390625
2 0.375 0.6625 0.225 0.0359375
2 0.09921875 0.24765625 0.1515625 0.1203125
2 0.5546875 0.52734375 0.11796875 0.16875
2 0.1984375 0.1390625 0.10078125 0.11171875
2 0.8109375 0.12890625 0.15625 0.10390625
2 0.0359375 0.184375 0.05546875 0.0296875
2 0.69609375 0.48359375 0.3171875 0.190625
2 0.9375 0.59609375 0.125 0.1203125