0 0.1875 0.61484375 0.19375 0.14140625
0 0.14921875 0.52265625 0.1109375 0.1296875
0 0.22421875 0.4671875 0.10703125 0.16484375
0 0.30546875 0.4171875 0.13671875 0.10234375
0 0.42109375 0.38984375 0.109375 0.0796875
0 0.4296875 0.43359375 0.071875 0.05234375
0 0.51796875 0.51328125 0.08359375 0.09609375
0 0.6515625 0.55078125 0.075 0.1265625
0 0.740625 0.69140625 0.1828125 0.12265625
0 0.48046875 0.64453125 0.09453125 0.18125
0 0.38359375 0.6734375 0.1484375 0.1140625
0 0.503125 0.753125 0.15234375 0.0734375
0 0.5640625 0.67109375 0.0828125 0.1328125
0 0.3203125 0.54765625 0.1625 0.1546875
0 0.36953125 0.5875 0.0796875 0.1078125
0 0.56875 0.54140625 0.090625 0.12265625
0 0.87578125 0.6484375 0.1328125 0.13125
0 0.484375 0.45234375 0.04765625 0.0296875