0 0.546875 0.66328125 0.10625 0.1046875
0 0.63671875 0.809375 0.246875 0.18125
0 0.475 0.74296875 0.203125 0.171875
0 0.08203125 0.12578125 0.1609375 0.125
0 0.703125 0.92578125 0.390625 0.1375
0 0.16484375 0.9359375 0.3296875 0.128125
0 0.15234375 0.7703125 0.1 0.128125
0 0.24609375 0.69296875 0.2171875 0.1125
0 0.37734375 0.63125 0.1015625 0.2046875
0 0.67421875 0.61015625 0.346875 0.178125
0 0.85078125 0.80859375 0.2984375 0.2609375
0 0.95546875 0.5796875 0.0875 0.1109375
0 0.428125 0.88671875 0.1640625 0.21875
0 0.89765625 0.60546875 0.1515625 0.0890625
0 0.571875 0.4109375 0.196875 0.128125
0 0.69765625 0.46796875 0.1078125 0.075
0 0.3140625 0.3984375 0.2640625 0.115625
0 0.2765625 0.35703125 0.18125 0.065625
0 0.3015625 0.30625 0.09375 0.06875
0 0.11171875 0.29453125 0.121875 0.115625
0 0.23515625 0.4625 0.23125 0.140625
0 0.025 0.2671875 0.05 0.1203125
0 0.23984375 0.78515625 0.11875 0.053125
0 0.3078125 0.765625 0.103125 0.05