0 0.71953125 0.359375 0.19375 0.25625
0 0.73828125 0.8265625 0.16875 0.265625
0 0.36875 0.43359375 0.053125 0.159375
0 0.284375 0.471875 0.134375 0.06875
0 0.3640625 0.97421875 0.053125 0.05
0 0.5578125 0.55390625 0.0515625 0.053125
1 0.6546875 0.959375 0.115625 0.08125
0 0.290625 0.73359375 0.0703125 0.078125
0 0.26484375 0.77265625 0.1140625 0.025
0 0.2265625 0.73203125 0.0359375 0.065625
0 0.28984375 0.26640625 0.1015625 0.109375
0 0.29296875 0.14375 0.184375 0.090625
0 0.328125 0.07578125 0.2625 0.0890625