0 0.15625 0.61484375 0.309375 0.1546875
0 0.684375 0.72890625 0.2421875 0.146875
0 0.48515625 0.3828125 0.38125 0.34375
0 0.1625 0.27734375 0.31875 0.296875
0 0.409375 0.70703125 0.2421875 0.03125
0 0.409375 0.6515625 0.234375 0.090625
0 0.53203125 0.5734375 0.121875 0.0734375
0 0.2109375 0.67421875 0.1734375 0.0453125
0 0.77421875 0.39921875 0.375 0.209375
0 0.4171875 0.73203125 0.115625 0.028125
0 0.69375 0.76953125 0.1140625 0.0328125
0 0.54375 0.75703125 0.0921875 0.0359375
0 0.896875 0.49921875 0.1390625 0.090625
0 0.23671875 0.4265625 0.178125 0.084375
0 0.3546875 0.6828125 0.140625 0.034375
0 0.91875 0.55 0.0859375 0.0484375
0 0.6 0.7703125 0.0734375 0.021875
0 0.79609375 0.5828125 0.10625 0.0546875
0 0.225 0.69375 0.121875 0.021875
0 0.6359375 0.521875 0.0828125 0.040625
0 0.928125 0.57578125 0.040625 0.021875
0 0.6875 0.79140625 0.0859375 0.015625
0 0.6625 0.57578125 0.159375 0.15625
0 0.8859375 0.60703125 0.08125 0.103125