0 0.459375 0.840625 0.0875 0.11875
0 0.52578125 0.9078125 0.128125 0.0875
0 0.29296875 0.890625 0.1296875 0.1
0 0.50625 0.68203125 0.14375 0.084375
0 0.4734375 0.40859375 0.028125 0.0765625
0 0.51953125 0.6296875 0.06875 0.04375
0 0.42265625 0.4484375 0.0453125 0.05
0 0.35625 0.72265625 0.028125 0.0375
0 0.44140625 0.7859375 0.0625 0.025
0 0.3484375 0.79765625 0.0875 0.0375
0 0.346875 0.8375 0.06875 0.059375
0 0.303125 0.5671875 0.0546875 0.15
0 0.51640625 0.434375 0.028125 0.075
0 0.3703125 0.703125 0.0140625 0.0375
0 0.66328125 0.321875 0.0375 0.1
0 0.33515625 0.7171875 0.05625 0.0328125
0 0.52109375 0.53984375 0.065625 0.0375
0 0.3859375 0.46953125 0.040625 0.0453125
0 0.465625 0.5453125 0.046875 0.059375
0 0.1875 0.41640625 0.109375 0.096875
0 0.22109375 0.6484375 0.153125 0.065625
0 0.721875 0.54609375 0.1203125 0.0921875
0 0.05390625 0.6375 0.075 0.071875
1 0.1796875 0.35625 0.059375 0.03125
0 0.33984375 0.5515625 0.0515625 0.04375
0 0.17265625 0.99296875 0.084375 0.0140625
0 0.36953125 0.66484375 0.0171875 0.0375
1 0.31328125 0.3640625 0.028125 0.0234375
0 0.40703125 0.38671875 0.065625 0.028125
0 0.390625 0.94453125 0.0734375 0.1
0 0.2515625 0.4953125 0.046875 0.0265625
1 0.23828125 0.37265625 0.03125 0.01875
0 0.17734375 0.80390625 0.334375 0.290625
0 0.6046875 0.50859375 0.1578125 0.2328125
0 0.69609375 0.5421875 0.090625 0.178125
0 0.525 0.20703125 0.1328125 0.16875
0 0.55703125 0.26640625 0.19375 0.1625
0 0.49296875 0.31796875 0.159375 0.1125
0 0.6578125 0.878125 0.19375 0.1671875
0 0.61953125 0.67109375 0.0859375 0.140625
0 0.08046875 0.50390625 0.1609375 0.1890625