0 0.6546875 0.48671875 0.259375 0.25
0 0.38828125 0.56328125 0.159375 0.1734375
0 0.81171875 0.6015625 0.375 0.2703125
0 0.46015625 0.42734375 0.25625 0.2671875
0 0.5421875 0.72890625 0.171875 0.090625
0 0.39609375 0.703125 0.121875 0.196875
0 0.1796875 0.57734375 0.115625 0.184375
0 0.1984375 0.41015625 0.10625 0.0390625
0 0.38515625 0.24765625 0.059375 0.09375
0 0.42578125 0.259375 0.05 0.059375
0 0.5171875 0.25390625 0.0859375 0.1375
0 0.55546875 0.26796875 0.034375 0.06875
0 0.35234375 0.28046875 0.1125 0.153125
0 0.48125 0.6 0.171875 0.165625
3 0.74296875 0.125 0.5125 0.25