2 0.47421875 0.70390625 0.15 0.38125
2 0.6546875 0.15390625 0.18125 0.3078125
2 0.7609375 0.50234375 0.1640625 0.265625
2 0.4609375 0.084375 0.15 0.16875
2 0.80078125 0.87421875 0.0375 0.184375
2 0.63828125 0.82109375 0.0984375 0.3578125
2 0.725 0.734375 0.11875 0.14375
2 0.875 0.74921875 0.078125 0.1609375
2 0.53828125 0.2734375 0.046875 0.096875
2 0.73125 0.93515625 0.0375 0.1296875
2 0.63203125 0.49140625 0.146875 0.303125
2 0.5171875 0.96796875 0.03125 0.0625
2 0.6015625 0.94921875 0.0484375 0.0953125
2 0.4234375 0.15 0.071875 0.053125
2 0.82265625 0.78671875 0.06875 0.0984375
2 0.79375 0.25625 0.0484375 0.0875
2 0.47265625 0.10625 0.1421875 0.01875
2 0.66875 0.98984375 0.096875 0.01875
2 0.803125 0.890625 0.178125 0.04375
2 0.80234375 0.9640625 0.05 0.06875
2 0.49921875 0.134375 0.0390625 0.034375
2 0.6859375 0.96484375 0.040625 0.0703125
2 0.428125 0.40078125 0.1890625 0.203125
2 0.5390625 0.4125 0.0734375 0.190625
2 0.7453125 0.3421875 0.121875 0.10625
2 0.79765625 0.15 0.053125 0.1703125