0 0.48203125 0.55078125 0.13125 0.071875
0 0.625 0.10234375 0.278125 0.2046875
0 0.28125 0.09375 0.2640625 0.1875
0 0.03515625 0.53046875 0.0671875 0.0703125
0 0.14765625 0.5515625 0.05625 0.0515625
0 0.10546875 0.58125 0.0453125 0.046875
0 0.01953125 0.575 0.0390625 0.034375
0 0.7640625 0.50390625 0.19375 0.1296875
0 0.7984375 0.4203125 0.171875 0.15
0 0.6765625 0.3984375 0.0671875 0.084375
0 0.64765625 0.43828125 0.0875 0.09375
0 0.5328125 0.409375 0.146875 0.1328125
0 0.46796875 0.4375 0.0609375 0.0875
0 0.44375 0.46484375 0.0359375 0.0609375
0 0.53203125 0.496875 0.153125 0.040625
0 0.6390625 0.5 0.065625 0.0375
0 0.32265625 0.4359375 0.1 0.096875
0 0.39140625 0.50078125 0.1453125 0.065625
0 0.60546875 0.5484375 0.0765625 0.071875
0 0.6703125 0.559375 0.046875 0.0375
0 0.7234375 0.56875 0.053125 0.028125
0 0.8953125 0.53125 0.0796875 0.0734375
0 0.8328125 0.5875 0.096875 0.0421875
0 0.51796875 0.59296875 0.0421875 0.01875
0 0.5796875 0.58984375 0.01875 0.01875
0 0.21015625 0.58828125 0.025 0.01875
0 0.228125 0.6078125 0.021875 0.034375
0 0.37109375 0.54765625 0.15 0.046875
0 0.959375 0.56484375 0.0625 0.0625
0 0.9 0.58515625 0.0546875 0.0359375