2 0.625 0.6859375 0.09375 0.109375
2 0.62890625 0.27890625 0.053125 0.1828125
2 0.334375 0.378125 0.2375 0.753125
2 0.55 0.784375 0.1875 0.3
2 0.6703125 0.4328125 0.0515625 0.1296875
2 0.5390625 0.6828125 0.071875 0.1015625
2 0.54296875 0.46015625 0.040625 0.121875
2 0.5109375 0.33671875 0.140625 0.3765625
2 0.68515625 0.54765625 0.053125 0.15
2 0.153125 0.078125 0.1109375 0.096875
2 0.77421875 0.29375 0.04375 0.028125
2 0.03046875 0.87890625 0.01875 0.146875
2 0.71640625 0.815625 0.0234375 0.109375
2 0.80625 0.690625 0.025 0.065625
2 0.496875 0.20546875 0.03125 0.11875
2 0.2515625 0.03984375 0.05625 0.075
2 0.4328125 0.06796875 0.103125 0.134375
2 0.18828125 0.0359375 0.046875 0.0375
2 0.71796875 0.16484375 0.134375 0.146875
2 0.73046875 0.3515625 0.115625 0.0359375
2 0.09140625 0.30703125 0.18125 0.121875
2 0.21484375 0.11015625 0.03125 0.2203125
2 0.809375 0.3390625 0.065625 0.05
2 0.6203125 0.5328125 0.078125 0.153125
2 0.78671875 0.88984375 0.0453125 0.121875
2 0.67265625 0.0625 0.0734375 0.11875
2 0.6796875 0.765625 0.025 0.05
2 0.2796875 0.16796875 0.0484375 0.1125
2 0.09609375 0.04140625 0.1796875 0.0828125
2 0.7296875 0.55859375 0.075 0.284375
2 0.340625 0.20546875 0.2046875 0.08125
2 0.35703125 0.84609375 0.05625 0.18125
2 0.2765625 0.88359375 0.1140625 0.23125