2 0.68515625 0.125 0.128125 0.1
2 0.15234375 0.42265625 0.3046875 0.203125
2 0.68359375 0.21484375 0.2859375 0.15
2 0.37578125 0.23125 0.190625 0.1
2 0.621875 0.7078125 0.1359375 0.09375
2 0.28984375 0.57265625 0.1265625 0.190625
2 0.16328125 0.6390625 0.075 0.096875
2 0.41875 0.328125 0.371875 0.1828125
2 0.1078125 0.40390625 0.215625 0.1390625
2 0.625 0.6625 0.225 0.0359375
2 0.90078125 0.24765625 0.1515625 0.1203125
2 0.4453125 0.52734375 0.11875 0.16875
2 0.8015625 0.1390625 0.1 0.1125
2 0.1890625 0.12890625 0.15625 0.103125
2 0.9640625 0.184375 0.05625 0.0296875
2 0.30390625 0.48359375 0.3171875 0.190625
2 0.0625 0.59609375 0.125 0.1203125