3 0.45234375 0.07890625 0.296875 0.109375
0 0.43203125 0.43828125 0.0953125 0.125
0 0.43515625 0.50546875 0.071875 0.059375
1 0.42890625 0.696875 0.0640625 0.075
0 0.434375 0.7859375 0.040625 0.03125
0 0.4359375 0.83203125 0.04375 0.053125
1 0.43203125 0.23203125 0.0984375 0.11875
1 0.41875 0.63125 0.040625 0.03125
0 0.45625 0.32109375 0.0546875 0.05625
1 0.43125 0.29375 0.05 0.040625
1 0.45859375 0.26640625 0.05 0.040625
1 0.4484375 0.63515625 0.040625 0.046875
1 0.6921875 0.14296875 0.1328125 0.075
1 0.61171875 0.1125 0.0484375 0.059375
1 0.6828125 0.09453125 0.1203125 0.0640625
1 0.61328125 0.8875 0.08125 0.059375