0 0.640625 0.71953125 0.25546875 0.19375
0 0.1734375 0.73828125 0.26640625 0.16875
0 0.56640625 0.36875 0.15859375 0.053125
0 0.528125 0.284375 0.06875 0.13359375
0 0.02578125 0.3640625 0.05078125 0.05234375
0 0.44609375 0.5578125 0.05234375 0.0515625
1 0.040625 0.6546875 0.08046875 0.11640625
0 0.26640625 0.290625 0.078125 0.0703125
0 0.22734375 0.26484375 0.02421875 0.1140625
0 0.26796875 0.2265625 0.06484375 0.0359375
0 0.73359375 0.28984375 0.10859375 0.1015625
0 0.85625 0.29296875 0.09140625 0.18515625
0 0.92421875 0.328125 0.0890625 0.26328125