0 0.1828125 0.4375 0.18125 0.225
0 0.3703125 0.91328125 0.3 0.1625
0 0.28984375 0.1796875 0.2109375 0.359375
0 0.478125 0.24921875 0.3078125 0.3125
0 0.51015625 0.6578125 0.2 0.1
0 0.47109375 0.7484375 0.103125 0.1484375
0 0.3703125 0.7828125 0.109375 0.059375
0 0.35625 0.70703125 0.1171875 0.0765625
0 0.28046875 0.7625 0.1265625 0.1234375
0 0.17734375 0.75078125 0.153125 0.1234375
0 0.17734375 0.6046875 0.159375 0.165625
0 0.28828125 0.6265625 0.1140625 0.103125
0 0.303125 0.53515625 0.196875 0.1
0 0.3515625 0.47265625 0.1609375 0.1484375
0 0.47578125 0.46796875 0.1859375 0.109375
0 0.47578125 0.5640625 0.1265625 0.090625