2 0.44453125 0.51171875 0.2796875 0.253125
2 0.4125 0.68984375 0.14375 0.05625
2 0.4578125 0.609375 0.1953125 0.084375
2 0.07578125 0.61171875 0.05625 0.1421875
2 0.796875 0.38515625 0.109375 0.225
2 0.71171875 0.515625 0.10625 0.103125
2 0.421875 0.24453125 0.1171875 0.1375
2 0.62734375 0.571875 0.1046875 0.09375
2 0.28828125 0.5578125 0.109375 0.05625
2 0.1921875 0.20234375 0.046875 0.134375
2 0.23515625 0.72109375 0.196875 0.0984375
2 0.7015625 0.040625 0.13125 0.078125
2 0.51640625 0.11484375 0.2859375 0.19375
2 0.43515625 0.7953125 0.0890625 0.034375
2 0.09296875 0.50078125 0.153125 0.0734375
2 0.84296875 0.58828125 0.125 0.0453125
2 0.165625 0.44140625 0.1390625 0.0859375
2 0.8984375 0.26875 0.075 0.2609375
2 0.4890625 0.7421875 0.11875 0.0375
2 0.29296875 0.765625 0.034375 0.08125
2 0.1984375 0.26796875 0.0625 0.065625
2 0.5875 0.18984375 0.1125 0.034375
2 0.13984375 0.59765625 0.01875 0.096875
2 0.5453125 0.8015625 0.090625 0.059375
2 0.8015625 0.08671875 0.075 0.028125
2 0.04921875 0.653125 0.0984375 0.021875
2 0.73125 0.65234375 0.1125 0.040625
2 0.2203125 0.59921875 0.196875 0.203125
2 0.565625 0.6765625 0.1625 0.1109375
2 0.64375 0.30078125 0.2078125 0.5125
2 0.8875 0.10078125 0.2015625 0.059375