2 0.6234375 0.3125 0.325 0.175
2 0.46796875 0.453125 0.228125 0.115625
2 0.80390625 0.534375 0.3875 0.634375
2 0.8875 0.7984375 0.2125 0.28125
2 0.475 0.9015625 0.34375 0.1375
2 0.375 0.73203125 0.265625 0.121875
2 0.65390625 0.7671875 0.25 0.1625
2 0.20234375 0.53515625 0.221875 0.1015625
2 0.17109375 0.39296875 0.315625 0.184375
2 0.38046875 0.35078125 0.1875 0.1203125
2 0.35859375 0.4953125 0.1640625 0.1125
2 0.1140625 0.95625 0.1671875 0.075
2 0.66640625 0.94140625 0.153125 0.103125
2 0.1515625 0.86953125 0.209375 0.103125