0 0.22265625 0.52265625 0.1859375 0.246875
0 0.3359375 0.17265625 0.1 0.08125
0 0.22421875 0.34375 0.2296875 0.2796875
0 0.39921875 0.109375 0.103125 0.14375
0 0.80546875 0.4953125 0.3796875 0.5359375
0 0.378125 0.31796875 0.121875 0.0875
0 0.159375 0.13125 0.234375 0.1171875
0 0.540625 0.196875 0.15 0.2296875
0 0.5921875 0.853125 0.23125 0.2171875
0 0.8734375 0.2421875 0.1984375 0.084375
0 0.159375 0.19375 0.23125 0.21875
0 0.0828125 0.5078125 0.103125 0.1375
0 0.4765625 0.4578125 0.090625 0.325
0 0.5875 0.6984375 0.1375 0.178125
0 0.809375 0.128125 0.38125 0.153125
0 0.6203125 0.51328125 0.25 0.2328125
0 0.271875 0.90546875 0.0359375 0.1171875
0 0.27578125 0.82578125 0.0734375 0.0765625
0 0.28046875 0.721875 0.065625 0.125
0 0.21640625 0.73359375 0.0953125 0.140625
0 0.3796875 0.45390625 0.1390625 0.1734375
0 0.396875 0.9046875 0.153125 0.190625