0 0.58359375 0.31640625 0.146875 0.121875
0 0.5125 0.08203125 0.0875 0.046875
0 0.5328125 0.121875 0.078125 0.0546875
0 0.52890625 0.175 0.1171875 0.0625
0 0.43125 0.1390625 0.0703125 0.0625
0 0.3921875 0.03203125 0.13125 0.0640625
0 0.42734375 0.1921875 0.0875 0.0734375
0 0.51796875 0.2765625 0.0859375 0.053125
0 0.5140625 0.23359375 0.153125 0.0546875
0 0.7453125 0.665625 0.246875 0.1484375
0 0.71640625 0.7828125 0.1546875 0.0984375
0 0.65234375 0.76640625 0.159375 0.10625
0 0.56796875 0.759375 0.1609375 0.1234375
0 0.46953125 0.71171875 0.1109375 0.15
0 0.54765625 0.5484375 0.3 0.128125
0 0.6953125 0.49765625 0.128125 0.0609375
0 0.76484375 0.56015625 0.1125 0.09375
0 0.46171875 0.49453125 0.121875 0.0734375
0 0.39453125 0.44921875 0.1484375 0.090625
0 0.57890625 0.40078125 0.353125 0.140625