0 0.659375 0.25 0.121875 0.128125
0 0.77890625 0.8640625 0.221875 0.1859375
0 0.42578125 0.67890625 0.11875 0.3109375
0 0.65546875 0.38515625 0.109375 0.078125
1 0.73203125 0.7265625 0.171875 0.078125
1 0.721875 0.64453125 0.15625 0.10625
1 0.6953125 0.5609375 0.1640625 0.078125
1 0.67421875 0.61328125 0.1359375 0.0625
1 0.62109375 0.68359375 0.0921875 0.08125
1 0.69453125 0.75703125 0.1234375 0.059375
1 0.67109375 0.46015625 0.1296875 0.0734375
0 0.59140625 0.44296875 0.0671875 0.0796875
0 0.7390625 0.496875 0.0953125 0.078125
0 0.625 0.8234375 0.140625 0.084375
0 0.44765625 0.50859375 0.146875 0.08125
1 0.88203125 0.54453125 0.053125 0.065625
1 0.81796875 0.49140625 0.0234375 0.015625
1 0.83828125 0.7109375 0.021875 0.046875
1 0.85625 0.76484375 0.0125 0.01875
1 0.78671875 0.4734375 0.053125 0.06875
1 0.75234375 0.05859375 0.025 0.0296875