0 0.51328125 0.3453125 0.25 0.259375
0 0.43671875 0.61171875 0.1734375 0.159375
0 0.3984375 0.18828125 0.2703125 0.375
0 0.57265625 0.53984375 0.2671875 0.25625
0 0.27109375 0.4578125 0.090625 0.171875
0 0.296875 0.60390625 0.196875 0.121875
0 0.42265625 0.8203125 0.184375 0.115625
0 0.58984375 0.8015625 0.0390625 0.10625
0 0.75234375 0.61484375 0.09375 0.059375
0 0.740625 0.57421875 0.059375 0.05
0 0.74609375 0.4828125 0.1375 0.0859375
0 0.73203125 0.44453125 0.06875 0.034375
0 0.71953125 0.64765625 0.153125 0.1125
0 0.4 0.51875 0.165625 0.171875
3 0.875 0.25703125 0.25 0.5125