2 0.37421875 0.85703125 0.084375 0.1875
2 0.465625 0.809375 0.1 0.1796875
2 0.353125 0.640625 0.0890625 0.303125
2 0.4171875 0.834375 0.08125 0.1453125
2 0.57578125 0.18515625 0.09375 0.2234375
2 0.30859375 0.6515625 0.05 0.16875
2 0.3 0.45078125 0.08125 0.221875
2 0.50078125 0.08828125 0.05625 0.175
2 0.43359375 0.1890625 0.0328125 0.1125
2 0.496875 0.40703125 0.0453125 0.1578125
2 0.36328125 0.76015625 0.090625 0.1546875
2 0.46015625 0.64140625 0.08125 0.1375
2 0.3453125 0.8375 0.0515625 0.14375
2 0.39140625 0.953125 0.0328125 0.0578125
2 0.29296875 0.5375 0.021875 0.140625
2 0.62109375 0.290625 0.08125 0.1484375
2 0.41015625 0.18515625 0.021875 0.0984375
2 0.38203125 0.69921875 0.0359375 0.1671875
2 0.3765625 0.95390625 0.0203125 0.05625
2 0.52734375 0.1546875 0.040625 0.1125
2 0.56484375 0.5515625 0.059375 0.096875
2 0.6171875 0.134375 0.109375 0.26875
2 0.48046875 0.16171875 0.059375 0.1265625
2 0.4859375 0.36640625 0.10625 0.1125
2 0.5890625 0.5984375 0.053125 0.0453125
2 0.5953125 0.38984375 0.0828125 0.115625
2 0.51484375 0.5140625 0.0453125 0.05
2 0.52421875 0.59765625 0.05 0.05625
2 0.5484375 0.48828125 0.034375 0.05
2 0.340625 0.18046875 0.01875 0.06875
2 0.61875 0.56328125 0.05625 0.065625
2 0.4875 0.2140625 0.021875 0.08125
2 0.55859375 0.2515625 0.0375 0.084375
2 0.36015625 0.23046875 0.0671875 0.075
2 0.55 0.46015625 0.0984375 0.084375
2 0.3734375 0.90703125 0.034375 0.059375
2 0.49765625 0.48359375 0.021875 0.01875
2 0.4671875 0.49453125 0.01875 0.01875
2 0.44609375 0.42578125 0.01875 0.0140625
2 0.54296875 0.74296875 0.0375 0.078125
2 0.63671875 0.48359375 0.059375 0.06875
2 0.64609375 0.52265625 0.046875 0.0625
2 0.66953125 0.21875 0.075 0.103125
2 0.26875 0.23046875 0.03125 0.15
2 0.609375 0.49765625 0.028125 0.0671875
2 0.71796875 0.48125 0.159375 0.2671875
2 0.6671875 0.425 0.0640625 0.05
2 0.5375 0.53359375 0.03125 0.05
2 0.53203125 0.23984375 0.0421875 0.0734375
2 0.31875 0.71171875 0.046875 0.0546875
2 0.54296875 0.67890625 0.078125 0.090625
2 0.3859375 0.440625 0.0609375 0.140625
2 0.34296875 0.34375 0.090625 0.10625
2 0.446875 0.2953125 0.246875 0.0546875
2 0.43984375 0.51015625 0.065625 0.1125
2 0.259375 0.5609375 0.10625 0.153125
2 0.6609375 0.284375 0.125 0.221875
2 0.2125 0.42421875 0.0875 0.109375
2 0.9015625 0.721875 0.196875 0.246875