2 0.4484375 0.3578125 0.2515625 0.103125
2 0.36328125 0.44375 0.2296875 0.040625
2 0.3671875 0.46484375 0.328125 0.1015625
2 0.3859375 0.5328125 0.1703125 0.046875
2 0.45390625 0.5875 0.2828125 0.121875
2 0.4234375 0.63828125 0.2515625 0.065625
2 0.3703125 0.72890625 0.2515625 0.115625
2 0.3890625 0.81875 0.24375 0.09375
2 0.4625 0.125 0.184375 0.0765625
2 0.47109375 0.12734375 0.103125 0.190625
2 0.41171875 0.20546875 0.128125 0.11875
2 0.38203125 0.27421875 0.1453125 0.046875
2 0.375 0.353125 0.15625 0.0828125
2 0.3265625 0.39453125 0.184375 0.084375
2 0.453125 0.84609375 0.071875 0.3078125
2 0.34609375 0.94765625 0.15 0.1015625
2 0.56953125 0.9453125 0.1140625 0.109375
2 0.5109375 0.93515625 0.071875 0.128125
2 0.62734375 0.65078125 0.096875 0.125
2 0.5578125 0.1109375 0.146875 0.21875
2 0.48203125 0.28515625 0.13125 0.134375
2 0.27578125 0.575 0.11875 0.10625