0 0.43046875 0.19375 0.240625 0.190625
0 0.76953125 0.4765625 0.38125 0.525
1 0.5078125 0.90625 0.21875 0.184375
0 0.45234375 0.1046875 0.6875 0.209375
0 0.1109375 0.7859375 0.0875 0.134375
0 0.625 0.10546875 0.35625 0.2109375
0 0.7765625 0.28515625 0.2765625 0.11875
0 0.478125 0.57578125 0.340625 0.1234375
0 0.32265625 0.80546875 0.06875 0.2390625
0 0.2203125 0.771875 0.1 0.128125
0 0.146875 0.63515625 0.246875 0.1078125
0 0.38828125 0.678125 0.2328125 0.2
0 0.2203125 0.51171875 0.21875 0.2140625
0 0.090625 0.36640625 0.18125 0.209375
0 0.24921875 0.44140625 0.1375 0.209375
0 0.4015625 0.45859375 0.190625 0.125