3 0.665625 0.2828125 0.1828125 0.14375
3 0.1171875 0.33671875 0.14375 0.1671875
0 0.61796875 0.5453125 0.6234375 0.2078125
0 0.72421875 0.396875 0.196875 0.1546875
0 0.4375 0.22578125 0.0375 0.0515625
0 0.39140625 0.2234375 0.04375 0.05
0 0.3890625 0.175 0.04375 0.05
0 0.35078125 0.17578125 0.04375 0.04375
0 0.34609375 0.22421875 0.03125 0.04375
0 0.30703125 0.22421875 0.0421875 0.046875
0 0.26484375 0.2328125 0.040625 0.03125
0 0.10703125 0.23125 0.04375 0.0265625
0 0.05859375 0.2125 0.0296875 0.025
0 0.10546875 0.2078125 0.028125 0.025
0 0.21796875 0.2328125 0.04375 0.0265625
2 0.38203125 0.36015625 0.23125 0.1765625
0 0.3625 0.4234375 0.14375 0.128125
2 0.0515625 0.49921875 0.0875 0.0546875
0 0.02578125 0.21015625 0.040625 0.015625
0 0.95703125 0.30546875 0.084375 0.071875
0 0.1921875 0.2140625 0.0296875 0.040625
0 0.25703125 0.20546875 0.028125 0.034375
0 0.95390625 0.38359375 0.0890625 0.040625
2 0.3765625 0.5078125 0.053125 0.0390625
0 0.959375 0.44375 0.08125 0.0359375
0 0.96328125 0.47265625 0.071875 0.034375
0 0.14921875 0.21484375 0.053125 0.021875
0 0.22421875 0.2015625 0.034375 0.028125
0 0.9578125 0.34921875 0.084375 0.040625
0 0.95234375 0.41171875 0.0953125 0.0328125
0 0.9609375 0.5609375 0.078125 0.146875