1 0.52890625 0.48359375 0.1390625 0.175
1 0.6453125 0.7296875 0.065625 0.046875
1 0.37578125 0.18125 0.071875 0.0765625
1 0.73125 0.75859375 0.115625 0.1125
1 0.596875 0.571875 0.115625 0.125
1 0.42265625 0.73046875 0.1 0.103125
1 0.17734375 0.71796875 0.071875 0.053125
1 0.0921875 0.55390625 0.1453125 0.1484375
1 0.21171875 0.56640625 0.096875 0.096875
1 0.29921875 0.4234375 0.0703125 0.09375
1 0.24296875 0.2609375 0.084375 0.159375
1 0.30078125 0.178125 0.078125 0.06875
1 0.328125 0.13359375 0.0609375 0.040625
1 0.73125 0.628125 0.034375 0.059375
1 0.790625 0.653125 0.065625 0.05625
1 0.51015625 0.73515625 0.04375 0.071875
1 0.31796875 0.72421875 0.075 0.0296875
1 0.3015625 0.6828125 0.0375 0.05
1 0.34609375 0.7 0.0421875 0.028125
1 0.1796875 0.80625 0.04375 0.046875
1 0.08828125 0.7375 0.04375 0.0375
1 0.06328125 0.640625 0.034375 0.04375
1 0.10234375 0.67890625 0.0703125 0.065625
1 0.1578125 0.6375 0.0625 0.040625
1 0.2 0.671875 0.090625 0.09375
1 0.26171875 0.515625 0.090625 0.109375
1 0.2390625 0.46328125 0.065625 0.10625
1 0.3375 0.515625 0.11875 0.10625
1 0.33515625 0.6 0.075 0.053125
1 0.3953125 0.61171875 0.06875 0.075
1 0.521875 0.65390625 0.09375 0.090625
1 0.63203125 0.65234375 0.05 0.0578125
1 0.69453125 0.6109375 0.05 0.0609375
1 0.71328125 0.55546875 0.0703125 0.0859375
1 0.7078125 0.45703125 0.0765625 0.075
1 0.63046875 0.38203125 0.05625 0.059375
1 0.5890625 0.30078125 0.021875 0.040625
1 0.4484375 0.17578125 0.078125 0.0578125
1 0.60078125 0.14765625 0.028125 0.0546875
1 0.56484375 0.16796875 0.028125 0.040625
1 0.53671875 0.17890625 0.075 0.0265625
1 0.49765625 0.25625 0.090625 0.2375
1 0.56875 0.3203125 0.0359375 0.01875
1 0.7703125 0.29609375 0.0171875 0.01875
1 0.82265625 0.2765625 0.053125 0.021875
1 0.9140625 0.3125 0.025 0.015625
1 0.903125 0.346875 0.0125 0.015625
1 0.784375 0.54375 0.134375 0.115625
1 0.82421875 0.50234375 0.11875 0.1
1 0.7734375 0.4765625 0.059375 0.0296875
1 0.6875 0.66796875 0.025 0.04375
1 0.68203125 0.69375 0.0421875 0.040625
1 0.63984375 0.68515625 0.046875 0.034375
1 0.61796875 0.50546875 0.0234375 0.0515625
1 0.6359375 0.4671875 0.0765625 0.09375
1 0.58828125 0.4078125 0.075 0.0609375
1 0.4328125 0.4578125 0.053125 0.0265625
1 0.42109375 0.53828125 0.0609375 0.0875
1 0.47578125 0.590625 0.0828125 0.1
1 0.44609375 0.6578125 0.053125 0.046875
1 0.2609375 0.67890625 0.0375 0.04375
1 0.26875 0.63125 0.046875 0.053125
1 0.3640625 0.840625 0.04375 0.0546875
1 0.36171875 0.78671875 0.028125 0.0234375
1 0.58671875 0.86484375 0.065625 0.040625
1 0.54296875 0.80546875 0.0546875 0.0265625
1 0.60234375 0.82109375 0.0234375 0.040625
1 0.675 0.85 0.0359375 0.0375
1 0.67109375 0.8046875 0.0625 0.040625
1 0.93515625 0.95078125 0.059375 0.0375
1 0.94921875 0.609375 0.025 0.028125
1 0.975 0.42734375 0.05 0.0359375
1 0.73515625 0.4125 0.0171875 0.015625
1 0.69140625 0.409375 0.0234375 0.025
1 0.76640625 0.3953125 0.021875 0.0125
1 0.01875 0.659375 0.0375 0.05
1 0.02578125 0.61640625 0.01875 0.01875
1 0.5734375 0.67265625 0.034375 0.040625
1 0.3828125 0.1109375 0.1 0.053125
1 0.60859375 0.69296875 0.028125 0.0296875