0 0.6390625 0.4390625 0.1390625 0.2390625
0 0.82265625 0.91640625 0.15 0.1625
0 0.32109375 0.2546875 0.21875 0.1421875
0 0.1734375 0.31171875 0.0453125 0.0515625
0 0.58359375 0.6609375 0.084375 0.153125
0 0.6078125 0.17578125 0.0828125 0.0765625
0 0.65625 0.20703125 0.11875 0.13125
0 0.54296875 0.53671875 0.084375 0.09375
0 0.38828125 0.86015625 0.075 0.078125
0 0.4703125 0.79140625 0.18125 0.140625
0 0.6984375 0.5625 0.071875 0.053125
0 0.7703125 0.33203125 0.1484375 0.3375
0 0.6515625 0.33203125 0.1171875 0.10625