2 0.47421875 0.47578125 0.0875 0.26875
2 0.35625 0.46953125 0.084375 0.053125
2 0.10859375 0.40625 0.046875 0.359375
2 0.06875 0.3328125 0.1078125 0.209375
2 0.07890625 0.44296875 0.115625 0.3078125
2 0.14765625 0.471875 0.0375 0.309375
2 0.1875 0.5609375 0.0765625 0.196875
2 0.359375 0.57421875 0.134375 0.125
2 0.3078125 0.6203125 0.1265625 0.103125
2 0.33203125 0.7578125 0.19375 0.075
2 0.40625 0.815625 0.146875 0.071875
2 0.553125 0.60703125 0.175 0.1
2 0.76484375 0.66484375 0.146875 0.15
2 0.81953125 0.57109375 0.1640625 0.1609375
2 0.8109375 0.49453125 0.1265625 0.1203125
2 0.71484375 0.4796875 0.103125 0.2
2 0.84296875 0.43828125 0.140625 0.14375
2 0.90625 0.44765625 0.140625 0.0671875
2 0.93359375 0.59609375 0.121875 0.028125
2 0.596875 0.74296875 0.096875 0.20625
2 0.41953125 0.653125 0.08125 0.015625
2 0.5265625 0.6875 0.0953125 0.046875
2 0.434375 0.6890625 0.084375 0.053125
2 0.46015625 0.7484375 0.096875 0.075
2 0.53125 0.76015625 0.090625 0.065625
2 0.18515625 0.315625 0.0875 0.1421875
2 0.37734375 0.3375 0.06875 0.0875
2 0.29375 0.4078125 0.1375 0.103125
2 0.29765625 0.5046875 0.0796875 0.08125
2 0.25 0.51953125 0.06875 0.065625
2 0.58359375 0.4234375 0.11875 0.0375
2 0.56328125 0.528125 0.109375 0.090625