0 0.60546875 0.59375 0.1578125 0.2296875
0 0.2140625 0.60078125 0.20546875 0.16484375
0 0.3546875 0.38671875 0.22421875 0.21875
0 0.1453125 0.4359375 0.2421875 0.22109375
0 0.67265625 0.75 0.17734375 0.25546875
0 0.70703125 0.415625 0.2625 0.278125
0 0.7546875 0.58203125 0.25546875 0.221875
0 0.375 0.59609375 0.15703125 0.2375
0 0.50546875 0.746875 0.17890625 0.1828125
0 0.81484375 0.75859375 0.13828125 0.27421875
0 0.615625 0.38125 0.07109375 0.146875
0 0.1828125 0.33359375 0.1609375 0.08984375