0 0.72265625 0.50625 0.2859375 0.259375
0 0.41015625 0.55390625 0.3953125 0.3078125
0 0.17578125 0.5703125 0.19375 0.2140625
0 0.8546875 0.30390625 0.11875 0.078125
0 0.5546875 0.3359375 0.15625 0.0734375
0 0.4421875 0.36484375 0.1359375 0.1359375
0 0.6859375 0.4140625 0.146875 0.109375
0 0.55859375 0.2640625 0.05 0.0390625
0 0.6859375 0.3390625 0.15 0.046875
0 0.85078125 0.475 0.084375 0.125
0 0.67734375 0.29375 0.146875 0.053125
0 0.29453125 0.45234375 0.1 0.03125
0 0.50390625 0.28046875 0.1140625 0.096875
0 0.5375 0.2390625 0.0953125 0.0640625
0 0.5921875 0.26796875 0.0765625 0.0671875
0 0.43671875 0.70390625 0.2609375 0.084375
0 0.153125 0.784375 0.30625 0.103125
0 0.70078125 0.6703125 0.2234375 0.10625
0 0.43125 0.74765625 0.2953125 0.103125