2 0.70390625 0.52578125 0.38125 0.15
2 0.15390625 0.3453125 0.3078125 0.18125
2 0.50234375 0.2390625 0.265625 0.1640625
2 0.084375 0.5390625 0.16875 0.15
2 0.87421875 0.19921875 0.184375 0.0375
2 0.82109375 0.36171875 0.3578125 0.0984375
2 0.734375 0.275 0.14375 0.11875
2 0.74921875 0.125 0.159375 0.078125
2 0.2734375 0.46171875 0.096875 0.046875
2 0.93515625 0.26875 0.1296875 0.0375
2 0.49140625 0.36796875 0.303125 0.146875
2 0.96796875 0.4828125 0.0625 0.03125
2 0.94921875 0.3984375 0.0953125 0.0484375
2 0.15 0.5765625 0.053125 0.071875
2 0.78671875 0.17734375 0.1 0.06875
2 0.25625 0.20625 0.0875 0.0484375
2 0.10625 0.52734375 0.01875 0.1421875
2 0.98984375 0.33125 0.01875 0.096875
2 0.890625 0.196875 0.04375 0.178125
2 0.9640625 0.19765625 0.06875 0.05
2 0.134375 0.50078125 0.034375 0.0390625
2 0.96484375 0.3140625 0.0703125 0.040625
2 0.40078125 0.571875 0.203125 0.1890625
2 0.4125 0.4609375 0.190625 0.0734375
2 0.3421875 0.2546875 0.10625 0.121875
2 0.15 0.20234375 0.1703125 0.053125