0 0.48046875 0.76796875 0.215625 0.2078125
0 0.55859375 0.83671875 0.146875 0.228125
0 0.45234375 0.64453125 0.2140625 0.09375
0 0.6265625 0.64140625 0.096875 0.1484375
0 0.4796875 0.2625 0.175 0.1375
0 0.54140625 0.665625 0.1125 0.1140625
1 0.22578125 0.4765625 0.05625 0.0484375
1 0.34765625 0.7984375 0.2375 0.103125
1 0.4203125 0.8796875 0.11875 0.1375
1 0.1953125 0.6984375 0.1703125 0.0859375
1 0.175 0.56953125 0.221875 0.2171875
1 0.221875 0.728125 0.428125 0.1640625
1 0.33515625 0.73359375 0.20625 0.05625
0 0.46953125 0.16796875 0.184375 0.20625
0 0.34296875 0.37109375 0.178125 0.215625
0 0.6734375 0.571875 0.146875 0.090625
0 0.70859375 0.9 0.184375 0.1234375
0 0.33203125 0.29765625 0.159375 0.0734375
0 0.290625 0.87421875 0.525 0.059375
0 0.596875 0.73359375 0.06875 0.109375
0 0.33515625 0.6359375 0.146875 0.05
0 0.709375 0.7625 0.18125 0.19375
0 0.21171875 0.89453125 0.3796875 0.2109375
0 0.471875 0.73125 0.0859375 0.096875
0 0.5953125 0.39765625 0.3078125 0.153125
0 0.55234375 0.56875 0.1375 0.10625
0 0.7984375 0.7828125 0.1640625 0.11875
0 0.61015625 0.2046875 0.1328125 0.13125
0 0.7125 0.70234375 0.13125 0.084375
0 0.68828125 0.39609375 0.38125 0.2609375
0 0.35625 0.6875 0.184375 0.071875
0 0.834375 0.7515625 0.021875 0.0796875
0 0.67734375 0.61953125 0.090625 0.090625
0 0.2484375 0.325 0.04375 0.065625
0 0.61796875 0.53203125 0.0421875 0.0328125
0 0.7375 0.64609375 0.121875 0.05625
0 0.42265625 0.4953125 0.134375 0.075
0 0.3 0.215625 0.0375 0.10625
0 0.51640625 0.34765625 0.109375 0.0921875
0 0.4296875 0.0375 0.103125 0.075
0 0.73359375 0.534375 0.259375 0.1046875
0 0.85625 0.48671875 0.0140625 0.065625
0 0.740625 0.89296875 0.51875 0.0609375
0 0.603125 0.05859375 0.334375 0.1171875
0 0.7875 0.72109375 0.075 0.053125