0 0.8171875 0.4953125 0.31171875 0.225
0 0.1359375 0.48203125 0.234375 0.17734375
0 0.64609375 0.62890625 0.23984375 0.25859375
0 0.6484375 0.41640625 0.15546875 0.19453125
0 0.41328125 0.28359375 0.2125 0.15234375
0 0.1109375 0.3375 0.05546875 0.07578125
0 0.1578125 0.3234375 0.059375 0.09765625
0 0.27890625 0.3234375 0.096875 0.10390625
0 0.33046875 0.425 0.1125 0.03671875
0 0.38828125 0.3796875 0.14609375 0.12421875
0 0.51328125 0.3640625 0.1390625 0.09296875
0 0.8765625 0.6546875 0.20546875 0.171875