0 0.62578125 0.60703125 0.328125 0.2078125
0 0.19609375 0.103125 0.378125 0.203125
0 0.584375 0.84140625 0.103125 0.0953125
0 0.66640625 0.28515625 0.2265625 0.25625
0 0.65 0.13515625 0.121875 0.125
0 0.21796875 0.3734375 0.278125 0.25625
0 0.8578125 0.30234375 0.284375 0.5859375
0 0.5359375 0.7140625 0.109375 0.08125
0 0.34375 0.57421875 0.103125 0.3359375
0 0.2375 0.5453125 0.125 0.303125
0 0.46328125 0.76484375 0.128125 0.1453125
0 0.45859375 0.15078125 0.2328125 0.3015625
0 0.38125 0.82890625 0.1515625 0.21875
0 0.28984375 0.7890625 0.109375 0.2
0 0.2140625 0.678125 0.059375 0.325
0 0.13046875 0.49375 0.115625 0.04375
0 0.1703125 0.62265625 0.121875 0.1625
0 0.4828125 0.32109375 0.2 0.1140625
0 0.7015625 0.7234375 0.209375 0.19375