1 0.4390625 0.6828125 0.190625 0.1765625
1 0.21875 0.46875 0.196875 0.184375
1 0.11875 0.33046875 0.146875 0.153125
1 0.19296875 0.6421875 0.18125 0.196875
1 0.50546875 0.5796875 0.26875 0.203125
1 0.81640625 0.5390625 0.271875 0.2046875
1 0.33515625 0.378125 0.140625 0.1
1 0.06640625 0.70625 0.1328125 0.1390625
1 0.078125 0.55078125 0.153125 0.18125
1 0.31328125 0.64453125 0.078125 0.125
1 0.19375 0.3203125 0.084375 0.0875
1 0.921875 0.63359375 0.0609375 0.075
1 0.95703125 0.70703125 0.0859375 0.1328125
1 0.80078125 0.69375 0.190625 0.1171875
1 0.68984375 0.715625 0.36875 0.125
1 0.59609375 0.41484375 0.25625 0.1921875
1 0.4375 0.36015625 0.115625 0.096875
1 0.3921875 0.47265625 0.1578125 0.165625