0 0.33828125 0.35625 0.1546875 0.090625
0 0.41484375 0.7953125 0.1234375 0.4046875
0 0.60625 0.59609375 0.0859375 0.109375
0 0.7953125 0.5765625 0.15 0.1
0 0.9375 0.465625 0.11875 0.1359375
0 0.28671875 0.49375 0.175 0.146875
0 0.5546875 0.38203125 0.221875 0.1734375
0 0.6359375 0.62890625 0.125 0.1375
0 0.50625 0.58984375 0.0546875 0.0921875
0 0.40078125 0.61640625 0.0609375 0.1046875
0 0.26875 0.56328125 0.09375 0.05625
0 0.1546875 0.4734375 0.090625 0.1296875
0 0.75078125 0.42421875 0.165625 0.20625
0 0.8046875 0.5140625 0.33125 0.2734375
0 0.44375 0.49296875 0.215625 0.228125
0 0.51484375 0.65390625 0.109375 0.096875
0 0.57890625 0.48515625 0.196875 0.1875
0 0.11796875 0.40078125 0.184375 0.159375
0 0.040625 0.4515625 0.08125 0.096875