2 0.8875 0.48828125 0.1625 0.1234375
2 0.91328125 0.659375 0.08125 0.0953125
2 0.20859375 0.66171875 0.3125 0.165625
2 0.02265625 0.80078125 0.0453125 0.1015625
2 0.53046875 0.73359375 0.26875 0.16875
2 0.075 0.728125 0.15 0.196875
2 0.60859375 0.2 0.13125 0.19375
2 0.23125 0.8125 0.15 0.090625
2 0.69609375 0.1328125 0.096875 0.078125
2 0.4640625 0.24765625 0.1390625 0.1359375
2 0.95703125 0.353125 0.084375 0.1109375
2 0.93046875 0.94375 0.13125 0.103125
2 0.3953125 0.846875 0.0875 0.3046875
2 0.9125 0.2734375 0.0625 0.090625
2 0.74296875 0.24765625 0.0828125 0.059375
2 0.41015625 0.17265625 0.0734375 0.09375
2 0.94375 0.83359375 0.05625 0.05
2 0.80234375 0.62890625 0.053125 0.065625
2 0.2734375 0.5859375 0.06875 0.0953125
2 0.84296875 0.45859375 0.084375 0.0515625
2 0.78046875 0.54140625 0.0375 0.13125
2 0.73984375 0.371875 0.0984375 0.109375
2 0.56015625 0.4390625 0.04375 0.109375
2 0.49296875 0.54375 0.075 0.175
2 0.80703125 0.98046875 0.0484375 0.0390625
2 0.62265625 0.05625 0.05625 0.1
2 0.36875 0.4703125 0.1046875 0.128125
2 0.5046875 0.4015625 0.0703125 0.115625
2 0.01484375 0.353125 0.028125 0.03125
2 0.62578125 0.45546875 0.021875 0.1125
2 0.975 0.30390625 0.05 0.028125
2 0.4515625 0.1421875 0.040625 0.034375
2 0.08125 0.32421875 0.1078125 0.046875
2 0.084375 0.9640625 0.05625 0.0609375
2 0.35625 0.34296875 0.021875 0.125
2 0.37421875 0.365625 0.028125 0.1015625
2 0.53984375 0.065625 0.021875 0.059375
2 0.57421875 0.0484375 0.021875 0.065625
2 0.13828125 0.93828125 0.184375 0.109375
2 0.08828125 0.4875 0.1703125 0.240625
2 0.3921875 0.2765625 0.040625 0.090625
2 0.31796875 0.421875 0.040625 0.0359375
2 0.51484375 0.13125 0.021875 0.040625
2 0.28046875 0.475 0.046875 0.0453125
2 0.38203125 0.16796875 0.009375 0.0828125
2 0.6125 0.9421875 0.13125 0.115625
2 0.6796875 0.565625 0.0359375 0.04375
2 0.8265625 0.71171875 0.0625 0.05625
2 0.303125 0.34765625 0.03125 0.0625
2 0.72734375 0.925 0.0828125 0.15
2 0.02109375 0.68828125 0.040625 0.1
2 0.19609375 0.2640625 0.04375 0.0578125
2 0.79609375 0.1203125 0.096875 0.08125
1 0.76640625 0.7953125 0.03125 0.0796875
2 0.77265625 0.68359375 0.1375 0.221875
2 0.865625 0.88125 0.0796875 0.225
2 0.440625 0.603125 0.0375 0.209375
2 0.45546875 0.50078125 0.06875 0.14375