2 0.46328125 0.6578125 0.1421875 0.15625
2 0.5875 0.44609375 0.16875 0.175
2 0.65546875 0.47265625 0.075 0.10625
2 0.3265625 0.590625 0.065625 0.11875
2 0.4328125 0.43515625 0.14375 0.153125
2 0.1875 0.4859375 0.125 0.10625
2 0.35 0.7015625 0.1125 0.140625
2 0.55546875 0.55703125 0.1609375 0.134375
2 0.6359375 0.36015625 0.14375 0.140625
2 0.5734375 0.4328125 0.18125 0.2078125
2 0.29765625 0.49296875 0.11875 0.184375
2 0.76328125 0.27890625 0.0625 0.090625
2 0.68203125 0.30703125 0.121875 0.134375
2 0.09140625 0.26328125 0.128125 0.15
2 0.07890625 0.50078125 0.1515625 0.084375