2 0.209375 0.30390625 0.078125 0.046875
2 0.52109375 0.4109375 0.3203125 0.2734375
2 0.4515625 0.36171875 0.0609375 0.05078125
2 0.20859375 0.46640625 0.1078125 0.0359375
2 0.0984375 0.35703125 0.0640625 0.06875
2 0.08046875 0.446875 0.03671875 0.065625
2 0.56328125 0.71953125 0.0375 0.1609375
2 0.0296875 0.68046875 0.05859375 0.0453125
2 0.22265625 0.37890625 0.04609375 0.03671875
2 0.51875 0.3234375 0.11875 0.05390625
2 0.93984375 0.27890625 0.04140625 0.0421875
2 0.43984375 0.19296875 0.03203125 0.02890625
2 0.32734375 0.7484375 0.05390625 0.084375
2 0.3671875 0.30234375 0.04609375 0.025
2 0.4046875 0.47578125 0.0890625 0.1046875
2 0.85859375 0.28125 0.07578125 0.040625
2 0.6765625 0.3625 0.0515625 0.02265625
2 0.45859375 0.28671875 0.06953125 0.0265625
2 0.21484375 0.71484375 0.0296875 0.0390625
2 0.7171875 0.5109375 0.1015625 0.1875