2 0.38046875 0.76484375 0.1 0.028125
2 0.51796875 0.7203125 0.140625 0.0625
2 0.36640625 0.7171875 0.0875 0.034375
2 0.39140625 0.625 0.096875 0.03125
2 0.53671875 0.67421875 0.1296875 0.0484375
2 0.61484375 0.69296875 0.0734375 0.090625
2 0.66640625 0.6984375 0.0171875 0.2265625
2 0.4984375 0.59296875 0.115625 0.04375
2 0.75078125 0.6578125 0.1125 0.08125
2 0.603125 0.7984375 0.103125 0.0453125
2 0.49375 0.62109375 0.175 0.0421875
2 0.79609375 0.72734375 0.10625 0.078125
2 0.41015625 0.7390625 0.075 0.1703125
2 0.6 0.60390625 0.125 0.0765625
2 0.56171875 0.61953125 0.028125 0.103125
2 0.69453125 0.7046875 0.0578125 0.0296875
2 0.6984375 0.59609375 0.04375 0.05
2 0.73359375 0.69375 0.015625 0.034375
2 0.846875 0.6953125 0.1 0.021875
2 0.6828125 0.7671875 0.0578125 0.084375
2 0.72109375 0.76328125 0.0578125 0.0796875
2 0.63125 0.7546875 0.0625 0.053125
2 0.4671875 0.79140625 0.0640625 0.0625
2 0.6046875 0.71796875 0.0953125 0.1609375
2 0.52890625 0.78828125 0.053125 0.03125
2 0.43984375 0.590625 0.059375 0.053125