2 0.07734375 0.44609375 0.1546875 0.325
2 0.25078125 0.6015625 0.18125 0.08125
2 0.8890625 0.3328125 0.221875 0.115625
2 0.21875 0.3484375 0.065625 0.0625
2 0.375 0.21953125 0.059375 0.0625
2 0.0515625 0.65234375 0.084375 0.10625
2 0.35 0.29140625 0.0265625 0.14375
2 0.02734375 0.32734375 0.028125 0.10625
2 0.5421875 0.37421875 0.271875 0.253125
2 0.89921875 0.0609375 0.059375 0.0609375
2 0.06796875 0.75546875 0.0875 0.0765625
2 0.4328125 0.55625 0.246875 0.090625
2 0.43515625 0.37734375 0.1234375 0.059375
2 0.83203125 0.1140625 0.053125 0.03125
2 0.45390625 0.221875 0.065625 0.059375
2 0.903125 0.37734375 0.10625 0.025
2 0.21171875 0.49375 0.115625 0.053125
2 0.52421875 0.06171875 0.140625 0.1203125
2 0.3453125 0.3671875 0.0375 0.040625
2 0.1265625 0.85546875 0.0578125 0.146875
2 0.66328125 0.478125 0.05 0.0625
2 0.365625 0.08515625 0.025 0.1234375
2 0.15546875 0.62578125 0.0109375 0.13125
2 0.02109375 0.53671875 0.0421875 0.04375
2 0.37109375 0.45078125 0.103125 0.08125
2 0.28359375 0.465625 0.103125 0.071875
2 0.403125 0.13984375 0.0515625 0.0328125
2 0.0109375 0.7734375 0.0109375 0.128125
2 0.41015625 0.0859375 0.071875 0.153125
2 0.70546875 0.31640625 0.084375 0.1328125
2 0.4390625 0.5078125 0.084375 0.06875
2 0.2703125 0.38125 0.109375 0.0921875
2 0.084375 0.4390625 0.165625 0.1515625