0 0.47734375 0.22265625 0.246875 0.1859375
0 0.82734375 0.3359375 0.08125 0.1
0 0.65625 0.22421875 0.2796875 0.2296875
0 0.890625 0.39921875 0.14375 0.103125
0 0.5046875 0.80546875 0.5359375 0.3796875
0 0.68203125 0.378125 0.0875 0.121875
0 0.86875 0.159375 0.1171875 0.234375
0 0.803125 0.540625 0.2296875 0.15
0 0.146875 0.5921875 0.2171875 0.23125
0 0.7578125 0.8734375 0.084375 0.1984375
0 0.80625 0.159375 0.2203125 0.2328125
0 0.4921875 0.0828125 0.1375 0.103125
0 0.5421875 0.4765625 0.325 0.090625
0 0.3015625 0.5875 0.178125 0.1375
0 0.871875 0.809375 0.153125 0.38125
0 0.48671875 0.6203125 0.2328125 0.25
0 0.09453125 0.271875 0.1171875 0.0359375
0 0.17421875 0.27578125 0.0765625 0.0734375
0 0.278125 0.28046875 0.125 0.065625
0 0.26640625 0.21640625 0.140625 0.0953125
0 0.54609375 0.3796875 0.1734375 0.1390625
0 0.0953125 0.396875 0.190625 0.153125